-2.147483648000000000e+09,-2.147483648000000000e+09,-2.147483648000000000e+09,-2.147483648000000000e+09,-2.147483648000000000e+09,-2.147483648000000000e+09,-2.147483648000000000e+09,-2.147483648000000000e+09,-2.147483648000000000e+09,-2.147483648000000000e+09,-2.147483648000000000e+09,-2.147483648000000000e+09,-2.147483648000000000e+09,-2.147483648000000000e+09,-2.147483648000000000e+09,-2.147483648000000000e+09,-2.147483648000000000e+09,-2.147483648000000000e+09,-2.147483648000000000e+09,-2.147483648000000000e+09,-2.147483648000000000e+09,-2.147483648000000000e+09,-2.147483648000000000e+09,-2.147483648000000000e+09,-2.147483648000000000e+09,-2.147483648000000000e+09,-2.147483648000000000e+09,-2.147483648000000000e+09,-2.147483648000000000e+09,-2.147483648000000000e+09,-2.147483648000000000e+09,-2.147483648000000000e+09,-2.147483648000000000e+09,-2.147483648000000000e+09,-2.147483648000000000e+09,-2.147483648000000000e+09,-2.147483648000000000e+09,-2.147483648000000000e+09,-2.147483648000000000e+09,-2.147483648000000000e+09,-2.147483648000000000e+09,-2.147483648000000000e+09,-2.147483648000000000e+09,-2.147483648000000000e+09,-2.147483648000000000e+09,-2.147483648000000000e+09,-2.147483648000000000e+09,-2.147483648000000000e+09,-2.147483648000000000e+09,-2.147483648000000000e+09,-2.147483648000000000e+09,-2.147483648000000000e+09,-2.147483648000000000e+09,-2.147483648000000000e+09,-2.147483648000000000e+09,-2.147483648000000000e+09,-2.147483648000000000e+09,-2.147483648000000000e+09,-2.147483648000000000e+09,-2.147483648000000000e+09,-2.147483648000000000e+09,-2.147483648000000000e+09,-2.147483648000000000e+09,-2.147483648000000000e+09,-2.147483648000000000e+09,-2.147483648000000000e+09,-2.147483648000000000e+09,-2.147483648000000000e+09,-2.147483648000000000e+09,-2.147483648000000000e+09,-2.147483648000000000e+09,-2.147483648000000000e+09,-2.147483648000000000e+09,-2.147483648000000000e+09,-2.147483648000000000e+09,-2.147483648000000000e+09,-2.147483648000000000e+09,-2.147483648000000000e+09,-2.147483648000000000e+09,-2.147483648000000000e+09,-2.147483648000000000e+09,-2.147483648000000000e+09,-2.147483648000000000e+09,-2.147483648000000000e+09,-2.147483648000000000e+09,-2.147483648000000000e+09,-2.147483648000000000e+09,1.214250600000000000e+07,1.214250700000000000e+07,1.214250800000000000e+07,1.214250900000000000e+07,1.214251000000000000e+07,1.214251100000000000e+07,1.214251200000000000e+07,1.214251300000000000e+07,-2.147483648000000000e+09
-2.147483648000000000e+09,-2.147483648000000000e+09,-2.147483648000000000e+09,-2.147483648000000000e+09,-2.147483648000000000e+09,-2.147483648000000000e+09,-2.147483648000000000e+09,-2.147483648000000000e+09,-2.147483648000000000e+09,-2.147483648000000000e+09,-2.147483648000000000e+09,-2.147483648000000000e+09,-2.147483648000000000e+09,-2.147483648000000000e+09,-2.147483648000000000e+09,-2.147483648000000000e+09,-2.147483648000000000e+09,-2.147483648000000000e+09,-2.147483648000000000e+09,-2.147483648000000000e+09,-2.147483648000000000e+09,-2.147483648000000000e+09,-2.147483648000000000e+09,-2.147483648000000000e+09,-2.147483648000000000e+09,-2.147483648000000000e+09,-2.147483648000000000e+09,-2.147483648000000000e+09,-2.147483648000000000e+09,-2.147483648000000000e+09,-2.147483648000000000e+09,-2.147483648000000000e+09,-2.147483648000000000e+09,-2.147483648000000000e+09,-2.147483648000000000e+09,-2.147483648000000000e+09,-2.147483648000000000e+09,-2.147483648000000000e+09,-2.147483648000000000e+09,-2.147483648000000000e+09,-2.147483648000000000e+09,-2.147483648000000000e+09,-2.147483648000000000e+09,-2.147483648000000000e+09,-2.147483648000000000e+09,-2.147483648000000000e+09,-2.147483648000000000e+09,-2.147483648000000000e+09,-2.147483648000000000e+09,-2.147483648000000000e+09,-2.147483648000000000e+09,-2.147483648000000000e+09,-2.147483648000000000e+09,-2.147483648000000000e+09,-2.147483648000000000e+09,-2.147483648000000000e+09,-2.147483648000000000e+09,-2.147483648000000000e+09,-2.147483648000000000e+09,-2.147483648000000000e+09,-2.147483648000000000e+09,-2.147483648000000000e+09,-2.147483648000000000e+09,-2.147483648000000000e+09,-2.147483648000000000e+09,-2.147483648000000000e+09,-2.147483648000000000e+09,-2.147483648000000000e+09,-2.147483648000000000e+09,-2.147483648000000000e+09,-2.147483648000000000e+09,-2.147483648000000000e+09,-2.147483648000000000e+09,-2.147483648000000000e+09,-2.147483648000000000e+09,-2.147483648000000000e+09,-2.147483648000000000e+09,-2.147483648000000000e+09,-2.147483648000000000e+09,1.214969800000000000e+07,-2.147483648000000000e+09,1.214970000000000000e+07,-2.147483648000000000e+09,-2.147483648000000000e+09,-2.147483648000000000e+09,-2.147483648000000000e+09,1.214970500000000000e+07,1.214970600000000000e+07,1.214970700000000000e+07,1.214970800000000000e+07,1.214970900000000000e+07,1.214971000000000000e+07,1.214971100000000000e+07,1.214971200000000000e+07,1.214971300000000000e+07,1.214971400000000000e+07
-2.147483648000000000e+09,-2.147483648000000000e+09,-2.147483648000000000e+09,-2.147483648000000000e+09,-2.147483648000000000e+09,-2.147483648000000000e+09,-2.147483648000000000e+09,-2.147483648000000000e+09,-2.147483648000000000e+09,-2.147483648000000000e+09,-2.147483648000000000e+09,-2.147483648000000000e+09,-2.147483648000000000e+09,-2.147483648000000000e+09,-2.147483648000000000e+09,-2.147483648000000000e+09,-2.147483648000000000e+09,-2.147483648000000000e+09,-2.147483648000000000e+09,-2.147483648000000000e+09,-2.147483648000000000e+09,-2.147483648000000000e+09,-2.147483648000000000e+09,-2.147483648000000000e+09,-2.147483648000000000e+09,-2.147483648000000000e+09,-2.147483648000000000e+09,-2.147483648000000000e+09,-2.147483648000000000e+09,-2.147483648000000000e+09,-2.147483648000000000e+09,-2.147483648000000000e+09,-2.147483648000000000e+09,-2.147483648000000000e+09,-2.147483648000000000e+09,-2.147483648000000000e+09,-2.147483648000000000e+09,-2.147483648000000000e+09,-2.147483648000000000e+09,-2.147483648000000000e+09,-2.147483648000000000e+09,-2.147483648000000000e+09,-2.147483648000000000e+09,-2.147483648000000000e+09,-2.147483648000000000e+09,-2.147483648000000000e+09,-2.147483648000000000e+09,-2.147483648000000000e+09,-2.147483648000000000e+09,-2.147483648000000000e+09,-2.147483648000000000e+09,-2.147483648000000000e+09,-2.147483648000000000e+09,-2.147483648000000000e+09,-2.147483648000000000e+09,-2.147483648000000000e+09,-2.147483648000000000e+09,-2.147483648000000000e+09,-2.147483648000000000e+09,-2.147483648000000000e+09,-2.147483648000000000e+09,-2.147483648000000000e+09,-2.147483648000000000e+09,-2.147483648000000000e+09,-2.147483648000000000e+09,-2.147483648000000000e+09,-2.147483648000000000e+09,-2.147483648000000000e+09,-2.147483648000000000e+09,-2.147483648000000000e+09,-2.147483648000000000e+09,-2.147483648000000000e+09,-2.147483648000000000e+09,-2.147483648000000000e+09,-2.147483648000000000e+09,1.215689400000000000e+07,-2.147483648000000000e+09,1.215689600000000000e+07,1.215689700000000000e+07,1.215689800000000000e+07,1.215689900000000000e+07,1.215690000000000000e+07,1.215690100000000000e+07,-2.147483648000000000e+09,1.215690300000000000e+07,1.215690400000000000e+07,1.215690500000000000e+07,1.215690600000000000e+07,1.215690700000000000e+07,1.215690800000000000e+07,1.215690900000000000e+07,1.215691000000000000e+07,1.215691100000000000e+07,1.215691200000000000e+07,1.215691300000000000e+07,-2.147483648000000000e+09
-2.147483648000000000e+09,-2.147483648000000000e+09,-2.147483648000000000e+09,-2.147483648000000000e+09,-2.147483648000000000e+09,-2.147483648000000000e+09,-2.147483648000000000e+09,-2.147483648000000000e+09,-2.147483648000000000e+09,-2.147483648000000000e+09,-2.147483648000000000e+09,-2.147483648000000000e+09,-2.147483648000000000e+09,-2.147483648000000000e+09,-2.147483648000000000e+09,-2.147483648000000000e+09,-2.147483648000000000e+09,-2.147483648000000000e+09,-2.147483648000000000e+09,-2.147483648000000000e+09,-2.147483648000000000e+09,-2.147483648000000000e+09,-2.147483648000000000e+09,-2.147483648000000000e+09,-2.147483648000000000e+09,-2.147483648000000000e+09,-2.147483648000000000e+09,-2.147483648000000000e+09,-2.147483648000000000e+09,-2.147483648000000000e+09,-2.147483648000000000e+09,-2.147483648000000000e+09,-2.147483648000000000e+09,-2.147483648000000000e+09,-2.147483648000000000e+09,-2.147483648000000000e+09,-2.147483648000000000e+09,-2.147483648000000000e+09,-2.147483648000000000e+09,-2.147483648000000000e+09,-2.147483648000000000e+09,-2.147483648000000000e+09,-2.147483648000000000e+09,-2.147483648000000000e+09,-2.147483648000000000e+09,-2.147483648000000000e+09,-2.147483648000000000e+09,-2.147483648000000000e+09,-2.147483648000000000e+09,-2.147483648000000000e+09,-2.147483648000000000e+09,-2.147483648000000000e+09,-2.147483648000000000e+09,-2.147483648000000000e+09,-2.147483648000000000e+09,-2.147483648000000000e+09,-2.147483648000000000e+09,-2.147483648000000000e+09,-2.147483648000000000e+09,-2.147483648000000000e+09,-2.147483648000000000e+09,-2.147483648000000000e+09,-2.147483648000000000e+09,-2.147483648000000000e+09,-2.147483648000000000e+09,-2.147483648000000000e+09,-2.147483648000000000e+09,-2.147483648000000000e+09,-2.147483648000000000e+09,-2.147483648000000000e+09,1.216408900000000000e+07,1.216409000000000000e+07,1.216409100000000000e+07,1.216409200000000000e+07,1.216409300000000000e+07,1.216409400000000000e+07,1.216409500000000000e+07,1.216409600000000000e+07,1.216409700000000000e+07,1.216409800000000000e+07,1.216409900000000000e+07,1.216410000000000000e+07,1.216410100000000000e+07,1.216410200000000000e+07,1.216410300000000000e+07,1.216410400000000000e+07,1.216410500000000000e+07,1.216410600000000000e+07,1.216410700000000000e+07,1.216410800000000000e+07,1.216410900000000000e+07,1.216411000000000000e+07,1.216411100000000000e+07,1.216411200000000000e+07,1.216411300000000000e+07,-2.147483648000000000e+09
-2.147483648000000000e+09,-2.147483648000000000e+09,-2.147483648000000000e+09,-2.147483648000000000e+09,-2.147483648000000000e+09,-2.147483648000000000e+09,-2.147483648000000000e+09,-2.147483648000000000e+09,-2.147483648000000000e+09,-2.147483648000000000e+09,-2.147483648000000000e+09,-2.147483648000000000e+09,-2.147483648000000000e+09,-2.147483648000000000e+09,-2.147483648000000000e+09,-2.147483648000000000e+09,-2.147483648000000000e+09,-2.147483648000000000e+09,-2.147483648000000000e+09,-2.147483648000000000e+09,-2.147483648000000000e+09,-2.147483648000000000e+09,-2.147483648000000000e+09,-2.147483648000000000e+09,-2.147483648000000000e+09,-2.147483648000000000e+09,-2.147483648000000000e+09,-2.147483648000000000e+09,-2.147483648000000000e+09,-2.147483648000000000e+09,-2.147483648000000000e+09,-2.147483648000000000e+09,-2.147483648000000000e+09,-2.147483648000000000e+09,-2.147483648000000000e+09,-2.147483648000000000e+09,-2.147483648000000000e+09,-2.147483648000000000e+09,-2.147483648000000000e+09,-2.147483648000000000e+09,-2.147483648000000000e+09,-2.147483648000000000e+09,-2.147483648000000000e+09,-2.147483648000000000e+09,-2.147483648000000000e+09,-2.147483648000000000e+09,-2.147483648000000000e+09,-2.147483648000000000e+09,-2.147483648000000000e+09,-2.147483648000000000e+09,-2.147483648000000000e+09,-2.147483648000000000e+09,-2.147483648000000000e+09,-2.147483648000000000e+09,-2.147483648000000000e+09,-2.147483648000000000e+09,-2.147483648000000000e+09,-2.147483648000000000e+09,-2.147483648000000000e+09,-2.147483648000000000e+09,-2.147483648000000000e+09,-2.147483648000000000e+09,-2.147483648000000000e+09,-2.147483648000000000e+09,-2.147483648000000000e+09,-2.147483648000000000e+09,-2.147483648000000000e+09,-2.147483648000000000e+09,-2.147483648000000000e+09,1.217128800000000000e+07,1.217128900000000000e+07,1.217129000000000000e+07,1.217129100000000000e+07,1.217129200000000000e+07,1.217129300000000000e+07,1.217129400000000000e+07,1.217129500000000000e+07,1.217129600000000000e+07,1.217129700000000000e+07,1.217129800000000000e+07,1.217129900000000000e+07,1.217130000000000000e+07,1.217130100000000000e+07,1.217130200000000000e+07,1.217130300000000000e+07,1.217130400000000000e+07,1.217130500000000000e+07,1.217130600000000000e+07,1.217130700000000000e+07,1.217130800000000000e+07,1.217130900000000000e+07,1.217131000000000000e+07,1.217131100000000000e+07,1.217131200000000000e+07,1.217131300000000000e+07,-2.147483648000000000e+09
-2.147483648000000000e+09,-2.147483648000000000e+09,-2.147483648000000000e+09,-2.147483648000000000e+09,-2.147483648000000000e+09,-2.147483648000000000e+09,-2.147483648000000000e+09,-2.147483648000000000e+09,-2.147483648000000000e+09,-2.147483648000000000e+09,-2.147483648000000000e+09,-2.147483648000000000e+09,-2.147483648000000000e+09,-2.147483648000000000e+09,-2.147483648000000000e+09,-2.147483648000000000e+09,-2.147483648000000000e+09,-2.147483648000000000e+09,-2.147483648000000000e+09,-2.147483648000000000e+09,-2.147483648000000000e+09,-2.147483648000000000e+09,-2.147483648000000000e+09,-2.147483648000000000e+09,-2.147483648000000000e+09,-2.147483648000000000e+09,-2.147483648000000000e+09,-2.147483648000000000e+09,-2.147483648000000000e+09,-2.147483648000000000e+09,-2.147483648000000000e+09,-2.147483648000000000e+09,-2.147483648000000000e+09,-2.147483648000000000e+09,-2.147483648000000000e+09,-2.147483648000000000e+09,-2.147483648000000000e+09,-2.147483648000000000e+09,-2.147483648000000000e+09,-2.147483648000000000e+09,-2.147483648000000000e+09,-2.147483648000000000e+09,-2.147483648000000000e+09,-2.147483648000000000e+09,-2.147483648000000000e+09,-2.147483648000000000e+09,-2.147483648000000000e+09,-2.147483648000000000e+09,-2.147483648000000000e+09,-2.147483648000000000e+09,-2.147483648000000000e+09,-2.147483648000000000e+09,-2.147483648000000000e+09,-2.147483648000000000e+09,-2.147483648000000000e+09,-2.147483648000000000e+09,-2.147483648000000000e+09,1.217847600000000000e+07,1.217847700000000000e+07,1.217847800000000000e+07,1.217847900000000000e+07,1.217848000000000000e+07,-2.147483648000000000e+09,-2.147483648000000000e+09,-2.147483648000000000e+09,-2.147483648000000000e+09,-2.147483648000000000e+09,1.217848600000000000e+07,1.217848700000000000e+07,1.217848800000000000e+07,1.217848900000000000e+07,1.217849000000000000e+07,1.217849100000000000e+07,1.217849200000000000e+07,1.217849300000000000e+07,1.217849400000000000e+07,1.217849500000000000e+07,1.217849600000000000e+07,1.217849700000000000e+07,1.217849800000000000e+07,1.217849900000000000e+07,1.217850000000000000e+07,1.217850100000000000e+07,1.217850200000000000e+07,1.217850300000000000e+07,1.217850400000000000e+07,1.217850500000000000e+07,1.217850600000000000e+07,1.217850700000000000e+07,1.217850800000000000e+07,1.217850900000000000e+07,1.217851000000000000e+07,1.217851100000000000e+07,1.217851200000000000e+07,1.217851300000000000e+07,1.217851400000000000e+07
-2.147483648000000000e+09,-2.147483648000000000e+09,-2.147483648000000000e+09,-2.147483648000000000e+09,-2.147483648000000000e+09,-2.147483648000000000e+09,-2.147483648000000000e+09,-2.147483648000000000e+09,-2.147483648000000000e+09,-2.147483648000000000e+09,-2.147483648000000000e+09,-2.147483648000000000e+09,-2.147483648000000000e+09,-2.147483648000000000e+09,-2.147483648000000000e+09,-2.147483648000000000e+09,-2.147483648000000000e+09,-2.147483648000000000e+09,-2.147483648000000000e+09,-2.147483648000000000e+09,-2.147483648000000000e+09,-2.147483648000000000e+09,-2.147483648000000000e+09,-2.147483648000000000e+09,-2.147483648000000000e+09,-2.147483648000000000e+09,-2.147483648000000000e+09,-2.147483648000000000e+09,-2.147483648000000000e+09,-2.147483648000000000e+09,-2.147483648000000000e+09,-2.147483648000000000e+09,-2.147483648000000000e+09,-2.147483648000000000e+09,-2.147483648000000000e+09,-2.147483648000000000e+09,-2.147483648000000000e+09,-2.147483648000000000e+09,-2.147483648000000000e+09,-2.147483648000000000e+09,-2.147483648000000000e+09,-2.147483648000000000e+09,-2.147483648000000000e+09,-2.147483648000000000e+09,-2.147483648000000000e+09,-2.147483648000000000e+09,-2.147483648000000000e+09,-2.147483648000000000e+09,-2.147483648000000000e+09,-2.147483648000000000e+09,-2.147483648000000000e+09,-2.147483648000000000e+09,-2.147483648000000000e+09,-2.147483648000000000e+09,-2.147483648000000000e+09,1.218567400000000000e+07,1.218567500000000000e+07,1.218567600000000000e+07,1.218567700000000000e+07,1.218567800000000000e+07,1.218567900000000000e+07,1.218568000000000000e+07,-2.147483648000000000e+09,-2.147483648000000000e+09,-2.147483648000000000e+09,-2.147483648000000000e+09,-2.147483648000000000e+09,1.218568600000000000e+07,1.218568700000000000e+07,1.218568800000000000e+07,1.218568900000000000e+07,1.218569000000000000e+07,1.218569100000000000e+07,1.218569200000000000e+07,1.218569300000000000e+07,1.218569400000000000e+07,1.218569500000000000e+07,1.218569600000000000e+07,1.218569700000000000e+07,1.218569800000000000e+07,1.218569900000000000e+07,1.218570000000000000e+07,1.218570100000000000e+07,1.218570200000000000e+07,1.218570300000000000e+07,1.218570400000000000e+07,1.218570500000000000e+07,1.218570600000000000e+07,1.218570700000000000e+07,1.218570800000000000e+07,1.218570900000000000e+07,1.218571000000000000e+07,1.218571100000000000e+07,1.218571200000000000e+07,1.218571300000000000e+07,-2.147483648000000000e+09
-2.147483648000000000e+09,-2.147483648000000000e+09,-2.147483648000000000e+09,-2.147483648000000000e+09,-2.147483648000000000e+09,-2.147483648000000000e+09,-2.147483648000000000e+09,-2.147483648000000000e+09,-2.147483648000000000e+09,-2.147483648000000000e+09,-2.147483648000000000e+09,-2.147483648000000000e+09,-2.147483648000000000e+09,-2.147483648000000000e+09,-2.147483648000000000e+09,-2.147483648000000000e+09,-2.147483648000000000e+09,-2.147483648000000000e+09,-2.147483648000000000e+09,-2.147483648000000000e+09,-2.147483648000000000e+09,-2.147483648000000000e+09,-2.147483648000000000e+09,-2.147483648000000000e+09,-2.147483648000000000e+09,-2.147483648000000000e+09,-2.147483648000000000e+09,-2.147483648000000000e+09,-2.147483648000000000e+09,-2.147483648000000000e+09,-2.147483648000000000e+09,-2.147483648000000000e+09,-2.147483648000000000e+09,-2.147483648000000000e+09,-2.147483648000000000e+09,-2.147483648000000000e+09,-2.147483648000000000e+09,-2.147483648000000000e+09,-2.147483648000000000e+09,-2.147483648000000000e+09,-2.147483648000000000e+09,-2.147483648000000000e+09,-2.147483648000000000e+09,-2.147483648000000000e+09,-2.147483648000000000e+09,-2.147483648000000000e+09,-2.147483648000000000e+09,-2.147483648000000000e+09,-2.147483648000000000e+09,-2.147483648000000000e+09,-2.147483648000000000e+09,-2.147483648000000000e+09,-2.147483648000000000e+09,1.219287200000000000e+07,1.219287300000000000e+07,1.219287400000000000e+07,1.219287500000000000e+07,1.219287600000000000e+07,1.219287700000000000e+07,1.219287800000000000e+07,1.219287900000000000e+07,1.219288000000000000e+07,-2.147483648000000000e+09,-2.147483648000000000e+09,1.219288300000000000e+07,1.219288400000000000e+07,1.219288500000000000e+07,1.219288600000000000e+07,1.219288700000000000e+07,1.219288800000000000e+07,1.219288900000000000e+07,1.219289000000000000e+07,1.219289100000000000e+07,1.219289200000000000e+07,1.219289300000000000e+07,1.219289400000000000e+07,1.219289500000000000e+07,1.219289600000000000e+07,1.219289700000000000e+07,1.219289800000000000e+07,1.219289900000000000e+07,1.219290000000000000e+07,1.219290100000000000e+07,1.219290200000000000e+07,1.219290300000000000e+07,1.219290400000000000e+07,1.219290500000000000e+07,1.219290600000000000e+07,1.219290700000000000e+07,1.219290800000000000e+07,1.219290900000000000e+07,1.219291000000000000e+07,1.219291100000000000e+07,1.219291200000000000e+07,1.219291300000000000e+07,-2.147483648000000000e+09
-2.147483648000000000e+09,-2.147483648000000000e+09,-2.147483648000000000e+09,-2.147483648000000000e+09,-2.147483648000000000e+09,-2.147483648000000000e+09,-2.147483648000000000e+09,-2.147483648000000000e+09,-2.147483648000000000e+09,-2.147483648000000000e+09,-2.147483648000000000e+09,-2.147483648000000000e+09,-2.147483648000000000e+09,-2.147483648000000000e+09,-2.147483648000000000e+09,-2.147483648000000000e+09,-2.147483648000000000e+09,-2.147483648000000000e+09,-2.147483648000000000e+09,-2.147483648000000000e+09,-2.147483648000000000e+09,-2.147483648000000000e+09,-2.147483648000000000e+09,-2.147483648000000000e+09,-2.147483648000000000e+09,-2.147483648000000000e+09,-2.147483648000000000e+09,-2.147483648000000000e+09,-2.147483648000000000e+09,-2.147483648000000000e+09,-2.147483648000000000e+09,-2.147483648000000000e+09,-2.147483648000000000e+09,-2.147483648000000000e+09,-2.147483648000000000e+09,-2.147483648000000000e+09,-2.147483648000000000e+09,-2.147483648000000000e+09,-2.147483648000000000e+09,-2.147483648000000000e+09,-2.147483648000000000e+09,-2.147483648000000000e+09,-2.147483648000000000e+09,-2.147483648000000000e+09,-2.147483648000000000e+09,-2.147483648000000000e+09,-2.147483648000000000e+09,-2.147483648000000000e+09,-2.147483648000000000e+09,-2.147483648000000000e+09,-2.147483648000000000e+09,-2.147483648000000000e+09,1.220007100000000000e+07,1.220007200000000000e+07,1.220007300000000000e+07,1.220007400000000000e+07,1.220007500000000000e+07,1.220007600000000000e+07,1.220007700000000000e+07,1.220007800000000000e+07,1.220007900000000000e+07,1.220008000000000000e+07,1.220008100000000000e+07,1.220008200000000000e+07,1.220008300000000000e+07,1.220008400000000000e+07,1.220008500000000000e+07,1.220008600000000000e+07,1.220008700000000000e+07,1.220008800000000000e+07,1.220008900000000000e+07,1.220009000000000000e+07,1.220009100000000000e+07,1.220009200000000000e+07,1.220009300000000000e+07,1.220009400000000000e+07,1.220009500000000000e+07,1.220009600000000000e+07,1.220009700000000000e+07,1.220009800000000000e+07,1.220009900000000000e+07,1.220010000000000000e+07,1.220010100000000000e+07,1.220010200000000000e+07,1.220010300000000000e+07,1.220010400000000000e+07,1.220010500000000000e+07,1.220010600000000000e+07,1.220010700000000000e+07,1.220010800000000000e+07,1.220010900000000000e+07,1.220011000000000000e+07,1.220011100000000000e+07,1.220011200000000000e+07,-2.147483648000000000e+09,-2.147483648000000000e+09
-2.147483648000000000e+09,-2.147483648000000000e+09,-2.147483648000000000e+09,-2.147483648000000000e+09,-2.147483648000000000e+09,-2.147483648000000000e+09,-2.147483648000000000e+09,-2.147483648000000000e+09,-2.147483648000000000e+09,-2.147483648000000000e+09,-2.147483648000000000e+09,-2.147483648000000000e+09,-2.147483648000000000e+09,-2.147483648000000000e+09,-2.147483648000000000e+09,-2.147483648000000000e+09,-2.147483648000000000e+09,-2.147483648000000000e+09,-2.147483648000000000e+09,-2.147483648000000000e+09,-2.147483648000000000e+09,-2.147483648000000000e+09,-2.147483648000000000e+09,-2.147483648000000000e+09,-2.147483648000000000e+09,-2.147483648000000000e+09,-2.147483648000000000e+09,-2.147483648000000000e+09,-2.147483648000000000e+09,-2.147483648000000000e+09,-2.147483648000000000e+09,-2.147483648000000000e+09,-2.147483648000000000e+09,-2.147483648000000000e+09,-2.147483648000000000e+09,-2.147483648000000000e+09,-2.147483648000000000e+09,-2.147483648000000000e+09,-2.147483648000000000e+09,-2.147483648000000000e+09,-2.147483648000000000e+09,-2.147483648000000000e+09,-2.147483648000000000e+09,-2.147483648000000000e+09,-2.147483648000000000e+09,-2.147483648000000000e+09,-2.147483648000000000e+09,-2.147483648000000000e+09,-2.147483648000000000e+09,-2.147483648000000000e+09,-2.147483648000000000e+09,1.220727000000000000e+07,1.220727100000000000e+07,1.220727200000000000e+07,1.220727300000000000e+07,1.220727400000000000e+07,1.220727500000000000e+07,1.220727600000000000e+07,1.220727700000000000e+07,1.220727800000000000e+07,1.220727900000000000e+07,1.220728000000000000e+07,1.220728100000000000e+07,1.220728200000000000e+07,1.220728300000000000e+07,1.220728400000000000e+07,1.220728500000000000e+07,1.220728600000000000e+07,1.220728700000000000e+07,1.220728800000000000e+07,1.220728900000000000e+07,1.220729000000000000e+07,1.220729100000000000e+07,1.220729200000000000e+07,1.220729300000000000e+07,1.220729400000000000e+07,1.220729500000000000e+07,1.220729600000000000e+07,1.220729700000000000e+07,1.220729800000000000e+07,1.220729900000000000e+07,1.220730000000000000e+07,1.220730100000000000e+07,1.220730200000000000e+07,1.220730300000000000e+07,1.220730400000000000e+07,1.220730500000000000e+07,1.220730600000000000e+07,1.220730700000000000e+07,1.220730800000000000e+07,1.220730900000000000e+07,1.220731000000000000e+07,1.220731100000000000e+07,-2.147483648000000000e+09,-2.147483648000000000e+09,-2.147483648000000000e+09
-2.147483648000000000e+09,-2.147483648000000000e+09,-2.147483648000000000e+09,-2.147483648000000000e+09,-2.147483648000000000e+09,-2.147483648000000000e+09,-2.147483648000000000e+09,-2.147483648000000000e+09,-2.147483648000000000e+09,-2.147483648000000000e+09,-2.147483648000000000e+09,-2.147483648000000000e+09,-2.147483648000000000e+09,-2.147483648000000000e+09,-2.147483648000000000e+09,-2.147483648000000000e+09,-2.147483648000000000e+09,-2.147483648000000000e+09,-2.147483648000000000e+09,-2.147483648000000000e+09,-2.147483648000000000e+09,-2.147483648000000000e+09,-2.147483648000000000e+09,-2.147483648000000000e+09,-2.147483648000000000e+09,-2.147483648000000000e+09,-2.147483648000000000e+09,-2.147483648000000000e+09,-2.147483648000000000e+09,-2.147483648000000000e+09,-2.147483648000000000e+09,-2.147483648000000000e+09,-2.147483648000000000e+09,-2.147483648000000000e+09,-2.147483648000000000e+09,-2.147483648000000000e+09,-2.147483648000000000e+09,-2.147483648000000000e+09,-2.147483648000000000e+09,-2.147483648000000000e+09,-2.147483648000000000e+09,-2.147483648000000000e+09,-2.147483648000000000e+09,-2.147483648000000000e+09,-2.147483648000000000e+09,-2.147483648000000000e+09,-2.147483648000000000e+09,-2.147483648000000000e+09,-2.147483648000000000e+09,-2.147483648000000000e+09,-2.147483648000000000e+09,1.221447000000000000e+07,1.221447100000000000e+07,1.221447200000000000e+07,1.221447300000000000e+07,1.221447400000000000e+07,1.221447500000000000e+07,1.221447600000000000e+07,1.221447700000000000e+07,1.221447800000000000e+07,1.221447900000000000e+07,1.221448000000000000e+07,1.221448100000000000e+07,1.221448200000000000e+07,1.221448300000000000e+07,1.221448400000000000e+07,1.221448500000000000e+07,1.221448600000000000e+07,1.221448700000000000e+07,1.221448800000000000e+07,1.221448900000000000e+07,1.221449000000000000e+07,1.221449100000000000e+07,1.221449200000000000e+07,1.221449300000000000e+07,1.221449400000000000e+07,1.221449500000000000e+07,1.221449600000000000e+07,1.221449700000000000e+07,1.221449800000000000e+07,1.221449900000000000e+07,1.221450000000000000e+07,1.221450100000000000e+07,1.221450200000000000e+07,1.221450300000000000e+07,1.221450400000000000e+07,1.221450500000000000e+07,1.221450600000000000e+07,1.221450700000000000e+07,1.221450800000000000e+07,1.221450900000000000e+07,1.221451000000000000e+07,1.221451100000000000e+07,-2.147483648000000000e+09,-2.147483648000000000e+09,-2.147483648000000000e+09
-2.147483648000000000e+09,-2.147483648000000000e+09,-2.147483648000000000e+09,-2.147483648000000000e+09,-2.147483648000000000e+09,-2.147483648000000000e+09,-2.147483648000000000e+09,-2.147483648000000000e+09,-2.147483648000000000e+09,-2.147483648000000000e+09,-2.147483648000000000e+09,-2.147483648000000000e+09,-2.147483648000000000e+09,-2.147483648000000000e+09,-2.147483648000000000e+09,-2.147483648000000000e+09,-2.147483648000000000e+09,-2.147483648000000000e+09,-2.147483648000000000e+09,-2.147483648000000000e+09,-2.147483648000000000e+09,-2.147483648000000000e+09,-2.147483648000000000e+09,-2.147483648000000000e+09,-2.147483648000000000e+09,-2.147483648000000000e+09,-2.147483648000000000e+09,-2.147483648000000000e+09,-2.147483648000000000e+09,-2.147483648000000000e+09,-2.147483648000000000e+09,-2.147483648000000000e+09,-2.147483648000000000e+09,-2.147483648000000000e+09,-2.147483648000000000e+09,-2.147483648000000000e+09,-2.147483648000000000e+09,-2.147483648000000000e+09,-2.147483648000000000e+09,-2.147483648000000000e+09,-2.147483648000000000e+09,-2.147483648000000000e+09,-2.147483648000000000e+09,-2.147483648000000000e+09,-2.147483648000000000e+09,-2.147483648000000000e+09,-2.147483648000000000e+09,-2.147483648000000000e+09,-2.147483648000000000e+09,-2.147483648000000000e+09,-2.147483648000000000e+09,-2.147483648000000000e+09,1.222167100000000000e+07,1.222167200000000000e+07,1.222167300000000000e+07,1.222167400000000000e+07,1.222167500000000000e+07,1.222167600000000000e+07,1.222167700000000000e+07,1.222167800000000000e+07,1.222167900000000000e+07,1.222168000000000000e+07,1.222168100000000000e+07,1.222168200000000000e+07,1.222168300000000000e+07,1.222168400000000000e+07,1.222168500000000000e+07,1.222168600000000000e+07,1.222168700000000000e+07,1.222168800000000000e+07,1.222168900000000000e+07,1.222169000000000000e+07,1.222169100000000000e+07,1.222169200000000000e+07,1.222169300000000000e+07,1.222169400000000000e+07,1.222169500000000000e+07,1.222169600000000000e+07,1.222169700000000000e+07,1.222169800000000000e+07,1.222169900000000000e+07,1.222170000000000000e+07,1.222170100000000000e+07,1.222170200000000000e+07,1.222170300000000000e+07,1.222170400000000000e+07,1.222170500000000000e+07,1.222170600000000000e+07,1.222170700000000000e+07,1.222170800000000000e+07,1.222170900000000000e+07,-2.147483648000000000e+09,-2.147483648000000000e+09,-2.147483648000000000e+09,-2.147483648000000000e+09,-2.147483648000000000e+09
-2.147483648000000000e+09,-2.147483648000000000e+09,-2.147483648000000000e+09,-2.147483648000000000e+09,-2.147483648000000000e+09,-2.147483648000000000e+09,-2.147483648000000000e+09,-2.147483648000000000e+09,-2.147483648000000000e+09,-2.147483648000000000e+09,-2.147483648000000000e+09,-2.147483648000000000e+09,-2.147483648000000000e+09,-2.147483648000000000e+09,-2.147483648000000000e+09,-2.147483648000000000e+09,-2.147483648000000000e+09,-2.147483648000000000e+09,-2.147483648000000000e+09,-2.147483648000000000e+09,-2.147483648000000000e+09,-2.147483648000000000e+09,-2.147483648000000000e+09,-2.147483648000000000e+09,-2.147483648000000000e+09,-2.147483648000000000e+09,-2.147483648000000000e+09,-2.147483648000000000e+09,-2.147483648000000000e+09,-2.147483648000000000e+09,-2.147483648000000000e+09,-2.147483648000000000e+09,-2.147483648000000000e+09,-2.147483648000000000e+09,-2.147483648000000000e+09,-2.147483648000000000e+09,-2.147483648000000000e+09,-2.147483648000000000e+09,-2.147483648000000000e+09,-2.147483648000000000e+09,-2.147483648000000000e+09,-2.147483648000000000e+09,-2.147483648000000000e+09,-2.147483648000000000e+09,-2.147483648000000000e+09,-2.147483648000000000e+09,-2.147483648000000000e+09,-2.147483648000000000e+09,-2.147483648000000000e+09,-2.147483648000000000e+09,-2.147483648000000000e+09,-2.147483648000000000e+09,-2.147483648000000000e+09,1.222887200000000000e+07,1.222887300000000000e+07,1.222887400000000000e+07,1.222887500000000000e+07,1.222887600000000000e+07,1.222887700000000000e+07,1.222887800000000000e+07,1.222887900000000000e+07,1.222888000000000000e+07,1.222888100000000000e+07,1.222888200000000000e+07,1.222888300000000000e+07,1.222888400000000000e+07,1.222888500000000000e+07,1.222888600000000000e+07,1.222888700000000000e+07,1.222888800000000000e+07,1.222888900000000000e+07,1.222889000000000000e+07,1.222889100000000000e+07,1.222889200000000000e+07,1.222889300000000000e+07,1.222889400000000000e+07,1.222889500000000000e+07,1.222889600000000000e+07,1.222889700000000000e+07,1.222889800000000000e+07,1.222889900000000000e+07,1.222890000000000000e+07,1.222890100000000000e+07,1.222890200000000000e+07,1.222890300000000000e+07,1.222890400000000000e+07,1.222890500000000000e+07,1.222890600000000000e+07,1.222890700000000000e+07,1.222890800000000000e+07,-2.147483648000000000e+09,-2.147483648000000000e+09,-2.147483648000000000e+09,-2.147483648000000000e+09,-2.147483648000000000e+09,-2.147483648000000000e+09
-2.147483648000000000e+09,-2.147483648000000000e+09,-2.147483648000000000e+09,-2.147483648000000000e+09,-2.147483648000000000e+09,-2.147483648000000000e+09,-2.147483648000000000e+09,-2.147483648000000000e+09,-2.147483648000000000e+09,-2.147483648000000000e+09,-2.147483648000000000e+09,-2.147483648000000000e+09,-2.147483648000000000e+09,-2.147483648000000000e+09,-2.147483648000000000e+09,-2.147483648000000000e+09,-2.147483648000000000e+09,-2.147483648000000000e+09,-2.147483648000000000e+09,-2.147483648000000000e+09,-2.147483648000000000e+09,-2.147483648000000000e+09,-2.147483648000000000e+09,-2.147483648000000000e+09,-2.147483648000000000e+09,-2.147483648000000000e+09,-2.147483648000000000e+09,-2.147483648000000000e+09,-2.147483648000000000e+09,-2.147483648000000000e+09,-2.147483648000000000e+09,-2.147483648000000000e+09,-2.147483648000000000e+09,-2.147483648000000000e+09,-2.147483648000000000e+09,-2.147483648000000000e+09,-2.147483648000000000e+09,-2.147483648000000000e+09,-2.147483648000000000e+09,-2.147483648000000000e+09,-2.147483648000000000e+09,-2.147483648000000000e+09,-2.147483648000000000e+09,-2.147483648000000000e+09,-2.147483648000000000e+09,-2.147483648000000000e+09,-2.147483648000000000e+09,-2.147483648000000000e+09,-2.147483648000000000e+09,-2.147483648000000000e+09,-2.147483648000000000e+09,-2.147483648000000000e+09,-2.147483648000000000e+09,-2.147483648000000000e+09,1.223607300000000000e+07,1.223607400000000000e+07,1.223607500000000000e+07,1.223607600000000000e+07,1.223607700000000000e+07,1.223607800000000000e+07,1.223607900000000000e+07,1.223608000000000000e+07,1.223608100000000000e+07,1.223608200000000000e+07,1.223608300000000000e+07,1.223608400000000000e+07,1.223608500000000000e+07,1.223608600000000000e+07,1.223608700000000000e+07,1.223608800000000000e+07,1.223608900000000000e+07,1.223609000000000000e+07,1.223609100000000000e+07,1.223609200000000000e+07,1.223609300000000000e+07,1.223609400000000000e+07,1.223609500000000000e+07,1.223609600000000000e+07,1.223609700000000000e+07,1.223609800000000000e+07,1.223609900000000000e+07,1.223610000000000000e+07,1.223610100000000000e+07,1.223610200000000000e+07,1.223610300000000000e+07,1.223610400000000000e+07,1.223610500000000000e+07,1.223610600000000000e+07,-2.147483648000000000e+09,-2.147483648000000000e+09,-2.147483648000000000e+09,-2.147483648000000000e+09,-2.147483648000000000e+09,-2.147483648000000000e+09,-2.147483648000000000e+09,-2.147483648000000000e+09
-2.147483648000000000e+09,-2.147483648000000000e+09,-2.147483648000000000e+09,-2.147483648000000000e+09,-2.147483648000000000e+09,-2.147483648000000000e+09,-2.147483648000000000e+09,-2.147483648000000000e+09,-2.147483648000000000e+09,-2.147483648000000000e+09,-2.147483648000000000e+09,-2.147483648000000000e+09,-2.147483648000000000e+09,-2.147483648000000000e+09,-2.147483648000000000e+09,-2.147483648000000000e+09,-2.147483648000000000e+09,-2.147483648000000000e+09,-2.147483648000000000e+09,-2.147483648000000000e+09,-2.147483648000000000e+09,-2.147483648000000000e+09,-2.147483648000000000e+09,-2.147483648000000000e+09,-2.147483648000000000e+09,-2.147483648000000000e+09,-2.147483648000000000e+09,-2.147483648000000000e+09,-2.147483648000000000e+09,-2.147483648000000000e+09,-2.147483648000000000e+09,-2.147483648000000000e+09,-2.147483648000000000e+09,-2.147483648000000000e+09,-2.147483648000000000e+09,-2.147483648000000000e+09,-2.147483648000000000e+09,-2.147483648000000000e+09,-2.147483648000000000e+09,-2.147483648000000000e+09,-2.147483648000000000e+09,-2.147483648000000000e+09,-2.147483648000000000e+09,-2.147483648000000000e+09,-2.147483648000000000e+09,-2.147483648000000000e+09,-2.147483648000000000e+09,-2.147483648000000000e+09,-2.147483648000000000e+09,-2.147483648000000000e+09,-2.147483648000000000e+09,-2.147483648000000000e+09,-2.147483648000000000e+09,-2.147483648000000000e+09,1.224327300000000000e+07,1.224327400000000000e+07,1.224327500000000000e+07,1.224327600000000000e+07,1.224327700000000000e+07,1.224327800000000000e+07,1.224327900000000000e+07,1.224328000000000000e+07,1.224328100000000000e+07,1.224328200000000000e+07,1.224328300000000000e+07,1.224328400000000000e+07,1.224328500000000000e+07,1.224328600000000000e+07,1.224328700000000000e+07,1.224328800000000000e+07,1.224328900000000000e+07,1.224329000000000000e+07,1.224329100000000000e+07,1.224329200000000000e+07,1.224329300000000000e+07,1.224329400000000000e+07,1.224329500000000000e+07,1.224329600000000000e+07,1.224329700000000000e+07,1.224329800000000000e+07,1.224329900000000000e+07,1.224330000000000000e+07,1.224330100000000000e+07,1.224330200000000000e+07,1.224330300000000000e+07,1.224330400000000000e+07,1.224330500000000000e+07,-2.147483648000000000e+09,-2.147483648000000000e+09,-2.147483648000000000e+09,-2.147483648000000000e+09,-2.147483648000000000e+09,-2.147483648000000000e+09,-2.147483648000000000e+09,-2.147483648000000000e+09,-2.147483648000000000e+09
-2.147483648000000000e+09,-2.147483648000000000e+09,-2.147483648000000000e+09,-2.147483648000000000e+09,-2.147483648000000000e+09,-2.147483648000000000e+09,-2.147483648000000000e+09,-2.147483648000000000e+09,-2.147483648000000000e+09,-2.147483648000000000e+09,-2.147483648000000000e+09,-2.147483648000000000e+09,-2.147483648000000000e+09,-2.147483648000000000e+09,-2.147483648000000000e+09,-2.147483648000000000e+09,-2.147483648000000000e+09,-2.147483648000000000e+09,-2.147483648000000000e+09,-2.147483648000000000e+09,-2.147483648000000000e+09,-2.147483648000000000e+09,-2.147483648000000000e+09,-2.147483648000000000e+09,-2.147483648000000000e+09,-2.147483648000000000e+09,-2.147483648000000000e+09,-2.147483648000000000e+09,-2.147483648000000000e+09,-2.147483648000000000e+09,-2.147483648000000000e+09,-2.147483648000000000e+09,-2.147483648000000000e+09,-2.147483648000000000e+09,-2.147483648000000000e+09,-2.147483648000000000e+09,-2.147483648000000000e+09,-2.147483648000000000e+09,-2.147483648000000000e+09,-2.147483648000000000e+09,-2.147483648000000000e+09,-2.147483648000000000e+09,-2.147483648000000000e+09,-2.147483648000000000e+09,-2.147483648000000000e+09,-2.147483648000000000e+09,-2.147483648000000000e+09,-2.147483648000000000e+09,-2.147483648000000000e+09,-2.147483648000000000e+09,-2.147483648000000000e+09,-2.147483648000000000e+09,-2.147483648000000000e+09,1.225047200000000000e+07,1.225047300000000000e+07,1.225047400000000000e+07,1.225047500000000000e+07,1.225047600000000000e+07,1.225047700000000000e+07,1.225047800000000000e+07,1.225047900000000000e+07,1.225048000000000000e+07,1.225048100000000000e+07,1.225048200000000000e+07,1.225048300000000000e+07,1.225048400000000000e+07,1.225048500000000000e+07,1.225048600000000000e+07,1.225048700000000000e+07,1.225048800000000000e+07,1.225048900000000000e+07,1.225049000000000000e+07,1.225049100000000000e+07,1.225049200000000000e+07,1.225049300000000000e+07,1.225049400000000000e+07,1.225049500000000000e+07,1.225049600000000000e+07,1.225049700000000000e+07,1.225049800000000000e+07,1.225049900000000000e+07,1.225050000000000000e+07,-2.147483648000000000e+09,-2.147483648000000000e+09,1.225050300000000000e+07,1.225050400000000000e+07,-2.147483648000000000e+09,-2.147483648000000000e+09,-2.147483648000000000e+09,-2.147483648000000000e+09,-2.147483648000000000e+09,-2.147483648000000000e+09,-2.147483648000000000e+09,-2.147483648000000000e+09,-2.147483648000000000e+09,-2.147483648000000000e+09
-2.147483648000000000e+09,-2.147483648000000000e+09,-2.147483648000000000e+09,-2.147483648000000000e+09,-2.147483648000000000e+09,-2.147483648000000000e+09,-2.147483648000000000e+09,-2.147483648000000000e+09,-2.147483648000000000e+09,-2.147483648000000000e+09,-2.147483648000000000e+09,-2.147483648000000000e+09,-2.147483648000000000e+09,-2.147483648000000000e+09,-2.147483648000000000e+09,-2.147483648000000000e+09,-2.147483648000000000e+09,-2.147483648000000000e+09,-2.147483648000000000e+09,-2.147483648000000000e+09,-2.147483648000000000e+09,-2.147483648000000000e+09,-2.147483648000000000e+09,-2.147483648000000000e+09,-2.147483648000000000e+09,-2.147483648000000000e+09,-2.147483648000000000e+09,-2.147483648000000000e+09,-2.147483648000000000e+09,-2.147483648000000000e+09,-2.147483648000000000e+09,-2.147483648000000000e+09,-2.147483648000000000e+09,-2.147483648000000000e+09,-2.147483648000000000e+09,-2.147483648000000000e+09,-2.147483648000000000e+09,-2.147483648000000000e+09,-2.147483648000000000e+09,-2.147483648000000000e+09,-2.147483648000000000e+09,-2.147483648000000000e+09,-2.147483648000000000e+09,-2.147483648000000000e+09,-2.147483648000000000e+09,-2.147483648000000000e+09,-2.147483648000000000e+09,-2.147483648000000000e+09,-2.147483648000000000e+09,-2.147483648000000000e+09,1.225766900000000000e+07,1.225767000000000000e+07,1.225767100000000000e+07,1.225767200000000000e+07,1.225767300000000000e+07,1.225767400000000000e+07,1.225767500000000000e+07,1.225767600000000000e+07,1.225767700000000000e+07,1.225767800000000000e+07,1.225767900000000000e+07,1.225768000000000000e+07,1.225768100000000000e+07,1.225768200000000000e+07,1.225768300000000000e+07,1.225768400000000000e+07,1.225768500000000000e+07,1.225768600000000000e+07,1.225768700000000000e+07,1.225768800000000000e+07,1.225768900000000000e+07,1.225769000000000000e+07,1.225769100000000000e+07,1.225769200000000000e+07,1.225769300000000000e+07,1.225769400000000000e+07,1.225769500000000000e+07,1.225769600000000000e+07,1.225769700000000000e+07,1.225769800000000000e+07,1.225769900000000000e+07,-2.147483648000000000e+09,-2.147483648000000000e+09,-2.147483648000000000e+09,-2.147483648000000000e+09,-2.147483648000000000e+09,-2.147483648000000000e+09,-2.147483648000000000e+09,-2.147483648000000000e+09,-2.147483648000000000e+09,-2.147483648000000000e+09,-2.147483648000000000e+09,-2.147483648000000000e+09,-2.147483648000000000e+09,-2.147483648000000000e+09,-2.147483648000000000e+09
-2.147483648000000000e+09,-2.147483648000000000e+09,-2.147483648000000000e+09,-2.147483648000000000e+09,-2.147483648000000000e+09,-2.147483648000000000e+09,-2.147483648000000000e+09,-2.147483648000000000e+09,-2.147483648000000000e+09,-2.147483648000000000e+09,-2.147483648000000000e+09,-2.147483648000000000e+09,-2.147483648000000000e+09,-2.147483648000000000e+09,-2.147483648000000000e+09,-2.147483648000000000e+09,-2.147483648000000000e+09,-2.147483648000000000e+09,-2.147483648000000000e+09,-2.147483648000000000e+09,-2.147483648000000000e+09,-2.147483648000000000e+09,-2.147483648000000000e+09,-2.147483648000000000e+09,-2.147483648000000000e+09,-2.147483648000000000e+09,-2.147483648000000000e+09,-2.147483648000000000e+09,-2.147483648000000000e+09,-2.147483648000000000e+09,-2.147483648000000000e+09,-2.147483648000000000e+09,-2.147483648000000000e+09,-2.147483648000000000e+09,-2.147483648000000000e+09,-2.147483648000000000e+09,-2.147483648000000000e+09,-2.147483648000000000e+09,-2.147483648000000000e+09,-2.147483648000000000e+09,-2.147483648000000000e+09,-2.147483648000000000e+09,-2.147483648000000000e+09,1.226486200000000000e+07,1.226486300000000000e+07,1.226486400000000000e+07,1.226486500000000000e+07,1.226486600000000000e+07,1.226486700000000000e+07,1.226486800000000000e+07,1.226486900000000000e+07,1.226487000000000000e+07,1.226487100000000000e+07,1.226487200000000000e+07,1.226487300000000000e+07,1.226487400000000000e+07,1.226487500000000000e+07,1.226487600000000000e+07,1.226487700000000000e+07,1.226487800000000000e+07,1.226487900000000000e+07,1.226488000000000000e+07,1.226488100000000000e+07,1.226488200000000000e+07,1.226488300000000000e+07,1.226488400000000000e+07,1.226488500000000000e+07,1.226488600000000000e+07,1.226488700000000000e+07,1.226488800000000000e+07,1.226488900000000000e+07,1.226489000000000000e+07,1.226489100000000000e+07,1.226489200000000000e+07,1.226489300000000000e+07,1.226489400000000000e+07,1.226489500000000000e+07,1.226489600000000000e+07,1.226489700000000000e+07,1.226489800000000000e+07,-2.147483648000000000e+09,-2.147483648000000000e+09,-2.147483648000000000e+09,-2.147483648000000000e+09,-2.147483648000000000e+09,-2.147483648000000000e+09,-2.147483648000000000e+09,-2.147483648000000000e+09,-2.147483648000000000e+09,-2.147483648000000000e+09,-2.147483648000000000e+09,-2.147483648000000000e+09,-2.147483648000000000e+09,-2.147483648000000000e+09,-2.147483648000000000e+09,-2.147483648000000000e+09
-2.147483648000000000e+09,-2.147483648000000000e+09,-2.147483648000000000e+09,-2.147483648000000000e+09,-2.147483648000000000e+09,-2.147483648000000000e+09,-2.147483648000000000e+09,-2.147483648000000000e+09,-2.147483648000000000e+09,-2.147483648000000000e+09,-2.147483648000000000e+09,-2.147483648000000000e+09,-2.147483648000000000e+09,-2.147483648000000000e+09,-2.147483648000000000e+09,-2.147483648000000000e+09,-2.147483648000000000e+09,-2.147483648000000000e+09,-2.147483648000000000e+09,-2.147483648000000000e+09,-2.147483648000000000e+09,-2.147483648000000000e+09,-2.147483648000000000e+09,-2.147483648000000000e+09,-2.147483648000000000e+09,-2.147483648000000000e+09,-2.147483648000000000e+09,-2.147483648000000000e+09,-2.147483648000000000e+09,-2.147483648000000000e+09,-2.147483648000000000e+09,-2.147483648000000000e+09,-2.147483648000000000e+09,-2.147483648000000000e+09,-2.147483648000000000e+09,-2.147483648000000000e+09,-2.147483648000000000e+09,-2.147483648000000000e+09,-2.147483648000000000e+09,-2.147483648000000000e+09,-2.147483648000000000e+09,1.227206000000000000e+07,1.227206100000000000e+07,1.227206200000000000e+07,1.227206300000000000e+07,1.227206400000000000e+07,1.227206500000000000e+07,1.227206600000000000e+07,1.227206700000000000e+07,1.227206800000000000e+07,1.227206900000000000e+07,1.227207000000000000e+07,1.227207100000000000e+07,1.227207200000000000e+07,1.227207300000000000e+07,1.227207400000000000e+07,1.227207500000000000e+07,1.227207600000000000e+07,1.227207700000000000e+07,1.227207800000000000e+07,1.227207900000000000e+07,1.227208000000000000e+07,1.227208100000000000e+07,1.227208200000000000e+07,1.227208300000000000e+07,1.227208400000000000e+07,1.227208500000000000e+07,1.227208600000000000e+07,1.227208700000000000e+07,1.227208800000000000e+07,1.227208900000000000e+07,1.227209000000000000e+07,1.227209100000000000e+07,1.227209200000000000e+07,1.227209300000000000e+07,1.227209400000000000e+07,1.227209500000000000e+07,1.227209600000000000e+07,-2.147483648000000000e+09,-2.147483648000000000e+09,-2.147483648000000000e+09,-2.147483648000000000e+09,-2.147483648000000000e+09,-2.147483648000000000e+09,-2.147483648000000000e+09,-2.147483648000000000e+09,-2.147483648000000000e+09,-2.147483648000000000e+09,-2.147483648000000000e+09,-2.147483648000000000e+09,-2.147483648000000000e+09,-2.147483648000000000e+09,-2.147483648000000000e+09,-2.147483648000000000e+09,-2.147483648000000000e+09,-2.147483648000000000e+09
-2.147483648000000000e+09,-2.147483648000000000e+09,-2.147483648000000000e+09,-2.147483648000000000e+09,-2.147483648000000000e+09,-2.147483648000000000e+09,-2.147483648000000000e+09,-2.147483648000000000e+09,-2.147483648000000000e+09,-2.147483648000000000e+09,-2.147483648000000000e+09,-2.147483648000000000e+09,-2.147483648000000000e+09,-2.147483648000000000e+09,-2.147483648000000000e+09,-2.147483648000000000e+09,-2.147483648000000000e+09,-2.147483648000000000e+09,-2.147483648000000000e+09,-2.147483648000000000e+09,-2.147483648000000000e+09,-2.147483648000000000e+09,-2.147483648000000000e+09,-2.147483648000000000e+09,-2.147483648000000000e+09,-2.147483648000000000e+09,-2.147483648000000000e+09,-2.147483648000000000e+09,-2.147483648000000000e+09,-2.147483648000000000e+09,-2.147483648000000000e+09,-2.147483648000000000e+09,-2.147483648000000000e+09,-2.147483648000000000e+09,-2.147483648000000000e+09,-2.147483648000000000e+09,-2.147483648000000000e+09,-2.147483648000000000e+09,-2.147483648000000000e+09,-2.147483648000000000e+09,1.227925900000000000e+07,1.227926000000000000e+07,1.227926100000000000e+07,1.227926200000000000e+07,1.227926300000000000e+07,1.227926400000000000e+07,1.227926500000000000e+07,1.227926600000000000e+07,1.227926700000000000e+07,1.227926800000000000e+07,1.227926900000000000e+07,1.227927000000000000e+07,1.227927100000000000e+07,1.227927200000000000e+07,1.227927300000000000e+07,1.227927400000000000e+07,1.227927500000000000e+07,1.227927600000000000e+07,1.227927700000000000e+07,1.227927800000000000e+07,1.227927900000000000e+07,1.227928000000000000e+07,1.227928100000000000e+07,1.227928200000000000e+07,1.227928300000000000e+07,1.227928400000000000e+07,1.227928500000000000e+07,1.227928600000000000e+07,1.227928700000000000e+07,1.227928800000000000e+07,1.227928900000000000e+07,1.227929000000000000e+07,1.227929100000000000e+07,1.227929200000000000e+07,1.227929300000000000e+07,1.227929400000000000e+07,-2.147483648000000000e+09,-2.147483648000000000e+09,-2.147483648000000000e+09,-2.147483648000000000e+09,-2.147483648000000000e+09,-2.147483648000000000e+09,-2.147483648000000000e+09,-2.147483648000000000e+09,-2.147483648000000000e+09,-2.147483648000000000e+09,-2.147483648000000000e+09,-2.147483648000000000e+09,-2.147483648000000000e+09,-2.147483648000000000e+09,-2.147483648000000000e+09,-2.147483648000000000e+09,-2.147483648000000000e+09,-2.147483648000000000e+09,-2.147483648000000000e+09,-2.147483648000000000e+09
-2.147483648000000000e+09,-2.147483648000000000e+09,-2.147483648000000000e+09,-2.147483648000000000e+09,-2.147483648000000000e+09,-2.147483648000000000e+09,-2.147483648000000000e+09,-2.147483648000000000e+09,-2.147483648000000000e+09,-2.147483648000000000e+09,-2.147483648000000000e+09,-2.147483648000000000e+09,-2.147483648000000000e+09,-2.147483648000000000e+09,-2.147483648000000000e+09,-2.147483648000000000e+09,-2.147483648000000000e+09,-2.147483648000000000e+09,-2.147483648000000000e+09,-2.147483648000000000e+09,-2.147483648000000000e+09,-2.147483648000000000e+09,-2.147483648000000000e+09,-2.147483648000000000e+09,-2.147483648000000000e+09,-2.147483648000000000e+09,-2.147483648000000000e+09,-2.147483648000000000e+09,-2.147483648000000000e+09,-2.147483648000000000e+09,-2.147483648000000000e+09,-2.147483648000000000e+09,-2.147483648000000000e+09,-2.147483648000000000e+09,-2.147483648000000000e+09,-2.147483648000000000e+09,-2.147483648000000000e+09,-2.147483648000000000e+09,-2.147483648000000000e+09,1.228645800000000000e+07,1.228645900000000000e+07,1.228646000000000000e+07,1.228646100000000000e+07,1.228646200000000000e+07,1.228646300000000000e+07,1.228646400000000000e+07,1.228646500000000000e+07,1.228646600000000000e+07,1.228646700000000000e+07,1.228646800000000000e+07,1.228646900000000000e+07,1.228647000000000000e+07,1.228647100000000000e+07,1.228647200000000000e+07,1.228647300000000000e+07,1.228647400000000000e+07,1.228647500000000000e+07,1.228647600000000000e+07,1.228647700000000000e+07,1.228647800000000000e+07,1.228647900000000000e+07,1.228648000000000000e+07,1.228648100000000000e+07,1.228648200000000000e+07,1.228648300000000000e+07,1.228648400000000000e+07,1.228648500000000000e+07,1.228648600000000000e+07,1.228648700000000000e+07,1.228648800000000000e+07,1.228648900000000000e+07,1.228649000000000000e+07,1.228649100000000000e+07,1.228649200000000000e+07,1.228649300000000000e+07,-2.147483648000000000e+09,-2.147483648000000000e+09,-2.147483648000000000e+09,-2.147483648000000000e+09,-2.147483648000000000e+09,-2.147483648000000000e+09,-2.147483648000000000e+09,-2.147483648000000000e+09,-2.147483648000000000e+09,-2.147483648000000000e+09,-2.147483648000000000e+09,-2.147483648000000000e+09,-2.147483648000000000e+09,-2.147483648000000000e+09,-2.147483648000000000e+09,-2.147483648000000000e+09,-2.147483648000000000e+09,-2.147483648000000000e+09,-2.147483648000000000e+09,-2.147483648000000000e+09,-2.147483648000000000e+09
-2.147483648000000000e+09,-2.147483648000000000e+09,-2.147483648000000000e+09,-2.147483648000000000e+09,-2.147483648000000000e+09,-2.147483648000000000e+09,-2.147483648000000000e+09,-2.147483648000000000e+09,-2.147483648000000000e+09,-2.147483648000000000e+09,-2.147483648000000000e+09,-2.147483648000000000e+09,-2.147483648000000000e+09,-2.147483648000000000e+09,-2.147483648000000000e+09,-2.147483648000000000e+09,-2.147483648000000000e+09,-2.147483648000000000e+09,-2.147483648000000000e+09,-2.147483648000000000e+09,-2.147483648000000000e+09,-2.147483648000000000e+09,-2.147483648000000000e+09,-2.147483648000000000e+09,-2.147483648000000000e+09,-2.147483648000000000e+09,-2.147483648000000000e+09,-2.147483648000000000e+09,-2.147483648000000000e+09,-2.147483648000000000e+09,-2.147483648000000000e+09,-2.147483648000000000e+09,-2.147483648000000000e+09,-2.147483648000000000e+09,-2.147483648000000000e+09,-2.147483648000000000e+09,-2.147483648000000000e+09,1.229365600000000000e+07,1.229365700000000000e+07,1.229365800000000000e+07,1.229365900000000000e+07,1.229366000000000000e+07,1.229366100000000000e+07,1.229366200000000000e+07,1.229366300000000000e+07,1.229366400000000000e+07,1.229366500000000000e+07,1.229366600000000000e+07,1.229366700000000000e+07,1.229366800000000000e+07,1.229366900000000000e+07,1.229367000000000000e+07,1.229367100000000000e+07,1.229367200000000000e+07,1.229367300000000000e+07,1.229367400000000000e+07,1.229367500000000000e+07,1.229367600000000000e+07,1.229367700000000000e+07,1.229367800000000000e+07,1.229367900000000000e+07,1.229368000000000000e+07,1.229368100000000000e+07,1.229368200000000000e+07,1.229368300000000000e+07,1.229368400000000000e+07,1.229368500000000000e+07,1.229368600000000000e+07,1.229368700000000000e+07,1.229368800000000000e+07,1.229368900000000000e+07,1.229369000000000000e+07,1.229369100000000000e+07,1.229369200000000000e+07,-2.147483648000000000e+09,-2.147483648000000000e+09,-2.147483648000000000e+09,-2.147483648000000000e+09,-2.147483648000000000e+09,-2.147483648000000000e+09,-2.147483648000000000e+09,-2.147483648000000000e+09,-2.147483648000000000e+09,-2.147483648000000000e+09,-2.147483648000000000e+09,-2.147483648000000000e+09,-2.147483648000000000e+09,-2.147483648000000000e+09,-2.147483648000000000e+09,-2.147483648000000000e+09,-2.147483648000000000e+09,-2.147483648000000000e+09,-2.147483648000000000e+09,-2.147483648000000000e+09,-2.147483648000000000e+09,-2.147483648000000000e+09
-2.147483648000000000e+09,-2.147483648000000000e+09,-2.147483648000000000e+09,-2.147483648000000000e+09,-2.147483648000000000e+09,-2.147483648000000000e+09,-2.147483648000000000e+09,-2.147483648000000000e+09,-2.147483648000000000e+09,-2.147483648000000000e+09,-2.147483648000000000e+09,-2.147483648000000000e+09,-2.147483648000000000e+09,-2.147483648000000000e+09,-2.147483648000000000e+09,-2.147483648000000000e+09,-2.147483648000000000e+09,-2.147483648000000000e+09,-2.147483648000000000e+09,-2.147483648000000000e+09,-2.147483648000000000e+09,-2.147483648000000000e+09,-2.147483648000000000e+09,-2.147483648000000000e+09,-2.147483648000000000e+09,-2.147483648000000000e+09,-2.147483648000000000e+09,-2.147483648000000000e+09,-2.147483648000000000e+09,-2.147483648000000000e+09,-2.147483648000000000e+09,-2.147483648000000000e+09,-2.147483648000000000e+09,-2.147483648000000000e+09,-2.147483648000000000e+09,-2.147483648000000000e+09,1.230085500000000000e+07,1.230085600000000000e+07,1.230085700000000000e+07,1.230085800000000000e+07,1.230085900000000000e+07,1.230086000000000000e+07,1.230086100000000000e+07,1.230086200000000000e+07,1.230086300000000000e+07,1.230086400000000000e+07,1.230086500000000000e+07,1.230086600000000000e+07,1.230086700000000000e+07,1.230086800000000000e+07,1.230086900000000000e+07,1.230087000000000000e+07,1.230087100000000000e+07,1.230087200000000000e+07,1.230087300000000000e+07,1.230087400000000000e+07,1.230087500000000000e+07,1.230087600000000000e+07,1.230087700000000000e+07,1.230087800000000000e+07,1.230087900000000000e+07,1.230088000000000000e+07,1.230088100000000000e+07,1.230088200000000000e+07,1.230088300000000000e+07,1.230088400000000000e+07,1.230088500000000000e+07,1.230088600000000000e+07,1.230088700000000000e+07,1.230088800000000000e+07,1.230088900000000000e+07,1.230089000000000000e+07,-2.147483648000000000e+09,-2.147483648000000000e+09,-2.147483648000000000e+09,-2.147483648000000000e+09,-2.147483648000000000e+09,-2.147483648000000000e+09,-2.147483648000000000e+09,-2.147483648000000000e+09,-2.147483648000000000e+09,-2.147483648000000000e+09,-2.147483648000000000e+09,-2.147483648000000000e+09,-2.147483648000000000e+09,-2.147483648000000000e+09,-2.147483648000000000e+09,-2.147483648000000000e+09,-2.147483648000000000e+09,-2.147483648000000000e+09,-2.147483648000000000e+09,-2.147483648000000000e+09,-2.147483648000000000e+09,-2.147483648000000000e+09,-2.147483648000000000e+09,-2.147483648000000000e+09
-2.147483648000000000e+09,-2.147483648000000000e+09,-2.147483648000000000e+09,-2.147483648000000000e+09,-2.147483648000000000e+09,-2.147483648000000000e+09,-2.147483648000000000e+09,-2.147483648000000000e+09,-2.147483648000000000e+09,-2.147483648000000000e+09,-2.147483648000000000e+09,-2.147483648000000000e+09,-2.147483648000000000e+09,-2.147483648000000000e+09,-2.147483648000000000e+09,-2.147483648000000000e+09,-2.147483648000000000e+09,-2.147483648000000000e+09,-2.147483648000000000e+09,-2.147483648000000000e+09,-2.147483648000000000e+09,-2.147483648000000000e+09,-2.147483648000000000e+09,-2.147483648000000000e+09,1.230804300000000000e+07,1.230804400000000000e+07,-2.147483648000000000e+09,-2.147483648000000000e+09,-2.147483648000000000e+09,-2.147483648000000000e+09,-2.147483648000000000e+09,1.230805000000000000e+07,1.230805100000000000e+07,1.230805200000000000e+07,1.230805300000000000e+07,1.230805400000000000e+07,1.230805500000000000e+07,1.230805600000000000e+07,1.230805700000000000e+07,1.230805800000000000e+07,1.230805900000000000e+07,1.230806000000000000e+07,1.230806100000000000e+07,1.230806200000000000e+07,1.230806300000000000e+07,1.230806400000000000e+07,1.230806500000000000e+07,1.230806600000000000e+07,1.230806700000000000e+07,1.230806800000000000e+07,1.230806900000000000e+07,1.230807000000000000e+07,1.230807100000000000e+07,1.230807200000000000e+07,1.230807300000000000e+07,1.230807400000000000e+07,1.230807500000000000e+07,1.230807600000000000e+07,1.230807700000000000e+07,1.230807800000000000e+07,1.230807900000000000e+07,1.230808000000000000e+07,1.230808100000000000e+07,1.230808200000000000e+07,1.230808300000000000e+07,1.230808400000000000e+07,1.230808500000000000e+07,1.230808600000000000e+07,1.230808700000000000e+07,1.230808800000000000e+07,1.230808900000000000e+07,-2.147483648000000000e+09,-2.147483648000000000e+09,-2.147483648000000000e+09,-2.147483648000000000e+09,-2.147483648000000000e+09,-2.147483648000000000e+09,-2.147483648000000000e+09,-2.147483648000000000e+09,-2.147483648000000000e+09,-2.147483648000000000e+09,-2.147483648000000000e+09,-2.147483648000000000e+09,-2.147483648000000000e+09,-2.147483648000000000e+09,-2.147483648000000000e+09,-2.147483648000000000e+09,-2.147483648000000000e+09,-2.147483648000000000e+09,-2.147483648000000000e+09,-2.147483648000000000e+09,-2.147483648000000000e+09,-2.147483648000000000e+09,-2.147483648000000000e+09,-2.147483648000000000e+09,-2.147483648000000000e+09
-2.147483648000000000e+09,-2.147483648000000000e+09,-2.147483648000000000e+09,-2.147483648000000000e+09,-2.147483648000000000e+09,-2.147483648000000000e+09,-2.147483648000000000e+09,-2.147483648000000000e+09,-2.147483648000000000e+09,-2.147483648000000000e+09,-2.147483648000000000e+09,-2.147483648000000000e+09,-2.147483648000000000e+09,-2.147483648000000000e+09,-2.147483648000000000e+09,-2.147483648000000000e+09,-2.147483648000000000e+09,-2.147483648000000000e+09,-2.147483648000000000e+09,-2.147483648000000000e+09,-2.147483648000000000e+09,-2.147483648000000000e+09,1.231524100000000000e+07,1.231524200000000000e+07,1.231524300000000000e+07,1.231524400000000000e+07,1.231524500000000000e+07,-2.147483648000000000e+09,-2.147483648000000000e+09,1.231524800000000000e+07,1.231524900000000000e+07,1.231525000000000000e+07,1.231525100000000000e+07,1.231525200000000000e+07,1.231525300000000000e+07,1.231525400000000000e+07,1.231525500000000000e+07,1.231525600000000000e+07,1.231525700000000000e+07,1.231525800000000000e+07,1.231525900000000000e+07,1.231526000000000000e+07,1.231526100000000000e+07,1.231526200000000000e+07,1.231526300000000000e+07,1.231526400000000000e+07,1.231526500000000000e+07,1.231526600000000000e+07,1.231526700000000000e+07,1.231526800000000000e+07,1.231526900000000000e+07,1.231527000000000000e+07,1.231527100000000000e+07,1.231527200000000000e+07,1.231527300000000000e+07,1.231527400000000000e+07,1.231527500000000000e+07,1.231527600000000000e+07,1.231527700000000000e+07,1.231527800000000000e+07,1.231527900000000000e+07,1.231528000000000000e+07,1.231528100000000000e+07,1.231528200000000000e+07,1.231528300000000000e+07,1.231528400000000000e+07,1.231528500000000000e+07,1.231528600000000000e+07,1.231528700000000000e+07,1.231528800000000000e+07,1.231528900000000000e+07,-2.147483648000000000e+09,-2.147483648000000000e+09,-2.147483648000000000e+09,-2.147483648000000000e+09,-2.147483648000000000e+09,-2.147483648000000000e+09,-2.147483648000000000e+09,-2.147483648000000000e+09,-2.147483648000000000e+09,-2.147483648000000000e+09,-2.147483648000000000e+09,-2.147483648000000000e+09,-2.147483648000000000e+09,-2.147483648000000000e+09,-2.147483648000000000e+09,-2.147483648000000000e+09,-2.147483648000000000e+09,-2.147483648000000000e+09,-2.147483648000000000e+09,-2.147483648000000000e+09,-2.147483648000000000e+09,-2.147483648000000000e+09,-2.147483648000000000e+09,-2.147483648000000000e+09,-2.147483648000000000e+09
-2.147483648000000000e+09,-2.147483648000000000e+09,-2.147483648000000000e+09,-2.147483648000000000e+09,-2.147483648000000000e+09,-2.147483648000000000e+09,-2.147483648000000000e+09,-2.147483648000000000e+09,-2.147483648000000000e+09,-2.147483648000000000e+09,-2.147483648000000000e+09,-2.147483648000000000e+09,-2.147483648000000000e+09,-2.147483648000000000e+09,-2.147483648000000000e+09,-2.147483648000000000e+09,-2.147483648000000000e+09,-2.147483648000000000e+09,-2.147483648000000000e+09,1.232243800000000000e+07,1.232243900000000000e+07,1.232244000000000000e+07,1.232244100000000000e+07,1.232244200000000000e+07,1.232244300000000000e+07,1.232244400000000000e+07,1.232244500000000000e+07,1.232244600000000000e+07,1.232244700000000000e+07,1.232244800000000000e+07,1.232244900000000000e+07,1.232245000000000000e+07,1.232245100000000000e+07,1.232245200000000000e+07,1.232245300000000000e+07,1.232245400000000000e+07,1.232245500000000000e+07,1.232245600000000000e+07,1.232245700000000000e+07,1.232245800000000000e+07,1.232245900000000000e+07,1.232246000000000000e+07,1.232246100000000000e+07,1.232246200000000000e+07,1.232246300000000000e+07,1.232246400000000000e+07,1.232246500000000000e+07,1.232246600000000000e+07,1.232246700000000000e+07,1.232246800000000000e+07,1.232246900000000000e+07,1.232247000000000000e+07,1.232247100000000000e+07,1.232247200000000000e+07,1.232247300000000000e+07,1.232247400000000000e+07,1.232247500000000000e+07,1.232247600000000000e+07,1.232247700000000000e+07,1.232247800000000000e+07,1.232247900000000000e+07,1.232248000000000000e+07,1.232248100000000000e+07,1.232248200000000000e+07,1.232248300000000000e+07,1.232248400000000000e+07,1.232248500000000000e+07,1.232248600000000000e+07,1.232248700000000000e+07,1.232248800000000000e+07,-2.147483648000000000e+09,-2.147483648000000000e+09,-2.147483648000000000e+09,-2.147483648000000000e+09,-2.147483648000000000e+09,-2.147483648000000000e+09,-2.147483648000000000e+09,-2.147483648000000000e+09,-2.147483648000000000e+09,-2.147483648000000000e+09,-2.147483648000000000e+09,-2.147483648000000000e+09,-2.147483648000000000e+09,-2.147483648000000000e+09,-2.147483648000000000e+09,-2.147483648000000000e+09,-2.147483648000000000e+09,-2.147483648000000000e+09,-2.147483648000000000e+09,-2.147483648000000000e+09,-2.147483648000000000e+09,-2.147483648000000000e+09,-2.147483648000000000e+09,-2.147483648000000000e+09,-2.147483648000000000e+09,-2.147483648000000000e+09
-2.147483648000000000e+09,-2.147483648000000000e+09,-2.147483648000000000e+09,-2.147483648000000000e+09,-2.147483648000000000e+09,-2.147483648000000000e+09,-2.147483648000000000e+09,-2.147483648000000000e+09,-2.147483648000000000e+09,-2.147483648000000000e+09,-2.147483648000000000e+09,-2.147483648000000000e+09,-2.147483648000000000e+09,-2.147483648000000000e+09,-2.147483648000000000e+09,-2.147483648000000000e+09,-2.147483648000000000e+09,-2.147483648000000000e+09,1.232963700000000000e+07,1.232963800000000000e+07,1.232963900000000000e+07,1.232964000000000000e+07,1.232964100000000000e+07,1.232964200000000000e+07,1.232964300000000000e+07,1.232964400000000000e+07,1.232964500000000000e+07,1.232964600000000000e+07,1.232964700000000000e+07,1.232964800000000000e+07,1.232964900000000000e+07,1.232965000000000000e+07,1.232965100000000000e+07,1.232965200000000000e+07,1.232965300000000000e+07,1.232965400000000000e+07,1.232965500000000000e+07,1.232965600000000000e+07,1.232965700000000000e+07,1.232965800000000000e+07,1.232965900000000000e+07,1.232966000000000000e+07,1.232966100000000000e+07,1.232966200000000000e+07,1.232966300000000000e+07,1.232966400000000000e+07,1.232966500000000000e+07,1.232966600000000000e+07,1.232966700000000000e+07,1.232966800000000000e+07,1.232966900000000000e+07,1.232967000000000000e+07,1.232967100000000000e+07,1.232967200000000000e+07,1.232967300000000000e+07,1.232967400000000000e+07,1.232967500000000000e+07,1.232967600000000000e+07,1.232967700000000000e+07,1.232967800000000000e+07,1.232967900000000000e+07,1.232968000000000000e+07,1.232968100000000000e+07,1.232968200000000000e+07,1.232968300000000000e+07,1.232968400000000000e+07,1.232968500000000000e+07,1.232968600000000000e+07,1.232968700000000000e+07,-2.147483648000000000e+09,-2.147483648000000000e+09,-2.147483648000000000e+09,-2.147483648000000000e+09,-2.147483648000000000e+09,-2.147483648000000000e+09,-2.147483648000000000e+09,-2.147483648000000000e+09,-2.147483648000000000e+09,-2.147483648000000000e+09,-2.147483648000000000e+09,-2.147483648000000000e+09,-2.147483648000000000e+09,-2.147483648000000000e+09,-2.147483648000000000e+09,-2.147483648000000000e+09,-2.147483648000000000e+09,-2.147483648000000000e+09,-2.147483648000000000e+09,-2.147483648000000000e+09,-2.147483648000000000e+09,-2.147483648000000000e+09,-2.147483648000000000e+09,-2.147483648000000000e+09,-2.147483648000000000e+09,-2.147483648000000000e+09,-2.147483648000000000e+09
-2.147483648000000000e+09,-2.147483648000000000e+09,-2.147483648000000000e+09,-2.147483648000000000e+09,-2.147483648000000000e+09,-2.147483648000000000e+09,-2.147483648000000000e+09,-2.147483648000000000e+09,-2.147483648000000000e+09,-2.147483648000000000e+09,-2.147483648000000000e+09,-2.147483648000000000e+09,-2.147483648000000000e+09,-2.147483648000000000e+09,-2.147483648000000000e+09,-2.147483648000000000e+09,-2.147483648000000000e+09,1.233683600000000000e+07,1.233683700000000000e+07,1.233683800000000000e+07,1.233683900000000000e+07,1.233684000000000000e+07,1.233684100000000000e+07,1.233684200000000000e+07,1.233684300000000000e+07,1.233684400000000000e+07,1.233684500000000000e+07,1.233684600000000000e+07,1.233684700000000000e+07,1.233684800000000000e+07,1.233684900000000000e+07,1.233685000000000000e+07,1.233685100000000000e+07,1.233685200000000000e+07,1.233685300000000000e+07,1.233685400000000000e+07,1.233685500000000000e+07,1.233685600000000000e+07,1.233685700000000000e+07,1.233685800000000000e+07,1.233685900000000000e+07,1.233686000000000000e+07,1.233686100000000000e+07,1.233686200000000000e+07,1.233686300000000000e+07,1.233686400000000000e+07,1.233686500000000000e+07,1.233686600000000000e+07,1.233686700000000000e+07,1.233686800000000000e+07,1.233686900000000000e+07,1.233687000000000000e+07,1.233687100000000000e+07,1.233687200000000000e+07,1.233687300000000000e+07,1.233687400000000000e+07,1.233687500000000000e+07,1.233687600000000000e+07,1.233687700000000000e+07,1.233687800000000000e+07,1.233687900000000000e+07,1.233688000000000000e+07,1.233688100000000000e+07,1.233688200000000000e+07,1.233688300000000000e+07,1.233688400000000000e+07,1.233688500000000000e+07,1.233688600000000000e+07,-2.147483648000000000e+09,-2.147483648000000000e+09,-2.147483648000000000e+09,-2.147483648000000000e+09,-2.147483648000000000e+09,-2.147483648000000000e+09,-2.147483648000000000e+09,-2.147483648000000000e+09,-2.147483648000000000e+09,-2.147483648000000000e+09,-2.147483648000000000e+09,-2.147483648000000000e+09,-2.147483648000000000e+09,-2.147483648000000000e+09,-2.147483648000000000e+09,-2.147483648000000000e+09,-2.147483648000000000e+09,-2.147483648000000000e+09,-2.147483648000000000e+09,-2.147483648000000000e+09,-2.147483648000000000e+09,-2.147483648000000000e+09,-2.147483648000000000e+09,-2.147483648000000000e+09,-2.147483648000000000e+09,-2.147483648000000000e+09,-2.147483648000000000e+09,-2.147483648000000000e+09
-2.147483648000000000e+09,-2.147483648000000000e+09,-2.147483648000000000e+09,-2.147483648000000000e+09,-2.147483648000000000e+09,-2.147483648000000000e+09,-2.147483648000000000e+09,-2.147483648000000000e+09,-2.147483648000000000e+09,-2.147483648000000000e+09,-2.147483648000000000e+09,-2.147483648000000000e+09,-2.147483648000000000e+09,-2.147483648000000000e+09,-2.147483648000000000e+09,-2.147483648000000000e+09,1.234403500000000000e+07,1.234403600000000000e+07,1.234403700000000000e+07,1.234403800000000000e+07,1.234403900000000000e+07,1.234404000000000000e+07,1.234404100000000000e+07,1.234404200000000000e+07,1.234404300000000000e+07,1.234404400000000000e+07,1.234404500000000000e+07,1.234404600000000000e+07,1.234404700000000000e+07,1.234404800000000000e+07,1.234404900000000000e+07,1.234405000000000000e+07,1.234405100000000000e+07,1.234405200000000000e+07,1.234405300000000000e+07,1.234405400000000000e+07,1.234405500000000000e+07,1.234405600000000000e+07,1.234405700000000000e+07,1.234405800000000000e+07,1.234405900000000000e+07,1.234406000000000000e+07,1.234406100000000000e+07,1.234406200000000000e+07,1.234406300000000000e+07,1.234406400000000000e+07,1.234406500000000000e+07,1.234406600000000000e+07,1.234406700000000000e+07,1.234406800000000000e+07,1.234406900000000000e+07,1.234407000000000000e+07,1.234407100000000000e+07,1.234407200000000000e+07,1.234407300000000000e+07,1.234407400000000000e+07,1.234407500000000000e+07,1.234407600000000000e+07,1.234407700000000000e+07,1.234407800000000000e+07,1.234407900000000000e+07,1.234408000000000000e+07,1.234408100000000000e+07,1.234408200000000000e+07,1.234408300000000000e+07,1.234408400000000000e+07,1.234408500000000000e+07,-2.147483648000000000e+09,-2.147483648000000000e+09,-2.147483648000000000e+09,-2.147483648000000000e+09,-2.147483648000000000e+09,-2.147483648000000000e+09,-2.147483648000000000e+09,-2.147483648000000000e+09,-2.147483648000000000e+09,-2.147483648000000000e+09,-2.147483648000000000e+09,-2.147483648000000000e+09,-2.147483648000000000e+09,-2.147483648000000000e+09,-2.147483648000000000e+09,-2.147483648000000000e+09,-2.147483648000000000e+09,-2.147483648000000000e+09,-2.147483648000000000e+09,-2.147483648000000000e+09,-2.147483648000000000e+09,-2.147483648000000000e+09,-2.147483648000000000e+09,-2.147483648000000000e+09,-2.147483648000000000e+09,-2.147483648000000000e+09,-2.147483648000000000e+09,-2.147483648000000000e+09,-2.147483648000000000e+09
-2.147483648000000000e+09,-2.147483648000000000e+09,-2.147483648000000000e+09,-2.147483648000000000e+09,-2.147483648000000000e+09,-2.147483648000000000e+09,-2.147483648000000000e+09,-2.147483648000000000e+09,-2.147483648000000000e+09,-2.147483648000000000e+09,-2.147483648000000000e+09,-2.147483648000000000e+09,-2.147483648000000000e+09,-2.147483648000000000e+09,-2.147483648000000000e+09,1.235123400000000000e+07,1.235123500000000000e+07,1.235123600000000000e+07,1.235123700000000000e+07,1.235123800000000000e+07,1.235123900000000000e+07,1.235124000000000000e+07,1.235124100000000000e+07,1.235124200000000000e+07,1.235124300000000000e+07,1.235124400000000000e+07,1.235124500000000000e+07,1.235124600000000000e+07,1.235124700000000000e+07,1.235124800000000000e+07,1.235124900000000000e+07,1.235125000000000000e+07,1.235125100000000000e+07,1.235125200000000000e+07,1.235125300000000000e+07,1.235125400000000000e+07,1.235125500000000000e+07,1.235125600000000000e+07,1.235125700000000000e+07,1.235125800000000000e+07,1.235125900000000000e+07,1.235126000000000000e+07,1.235126100000000000e+07,1.235126200000000000e+07,1.235126300000000000e+07,1.235126400000000000e+07,1.235126500000000000e+07,1.235126600000000000e+07,1.235126700000000000e+07,1.235126800000000000e+07,1.235126900000000000e+07,1.235127000000000000e+07,1.235127100000000000e+07,1.235127200000000000e+07,1.235127300000000000e+07,1.235127400000000000e+07,1.235127500000000000e+07,1.235127600000000000e+07,1.235127700000000000e+07,1.235127800000000000e+07,1.235127900000000000e+07,1.235128000000000000e+07,1.235128100000000000e+07,1.235128200000000000e+07,1.235128300000000000e+07,-2.147483648000000000e+09,-2.147483648000000000e+09,-2.147483648000000000e+09,-2.147483648000000000e+09,-2.147483648000000000e+09,-2.147483648000000000e+09,-2.147483648000000000e+09,-2.147483648000000000e+09,-2.147483648000000000e+09,-2.147483648000000000e+09,-2.147483648000000000e+09,-2.147483648000000000e+09,-2.147483648000000000e+09,-2.147483648000000000e+09,-2.147483648000000000e+09,-2.147483648000000000e+09,-2.147483648000000000e+09,-2.147483648000000000e+09,-2.147483648000000000e+09,-2.147483648000000000e+09,-2.147483648000000000e+09,-2.147483648000000000e+09,-2.147483648000000000e+09,-2.147483648000000000e+09,-2.147483648000000000e+09,-2.147483648000000000e+09,-2.147483648000000000e+09,-2.147483648000000000e+09,-2.147483648000000000e+09,-2.147483648000000000e+09,-2.147483648000000000e+09
-2.147483648000000000e+09,-2.147483648000000000e+09,-2.147483648000000000e+09,-2.147483648000000000e+09,-2.147483648000000000e+09,-2.147483648000000000e+09,-2.147483648000000000e+09,-2.147483648000000000e+09,-2.147483648000000000e+09,-2.147483648000000000e+09,-2.147483648000000000e+09,-2.147483648000000000e+09,-2.147483648000000000e+09,-2.147483648000000000e+09,1.235843300000000000e+07,1.235843400000000000e+07,1.235843500000000000e+07,1.235843600000000000e+07,1.235843700000000000e+07,1.235843800000000000e+07,1.235843900000000000e+07,1.235844000000000000e+07,1.235844100000000000e+07,1.235844200000000000e+07,1.235844300000000000e+07,1.235844400000000000e+07,1.235844500000000000e+07,1.235844600000000000e+07,1.235844700000000000e+07,1.235844800000000000e+07,1.235844900000000000e+07,1.235845000000000000e+07,1.235845100000000000e+07,1.235845200000000000e+07,1.235845300000000000e+07,1.235845400000000000e+07,1.235845500000000000e+07,1.235845600000000000e+07,1.235845700000000000e+07,1.235845800000000000e+07,1.235845900000000000e+07,1.235846000000000000e+07,1.235846100000000000e+07,1.235846200000000000e+07,1.235846300000000000e+07,1.235846400000000000e+07,1.235846500000000000e+07,1.235846600000000000e+07,1.235846700000000000e+07,1.235846800000000000e+07,1.235846900000000000e+07,1.235847000000000000e+07,1.235847100000000000e+07,1.235847200000000000e+07,1.235847300000000000e+07,1.235847400000000000e+07,1.235847500000000000e+07,1.235847600000000000e+07,1.235847700000000000e+07,1.235847800000000000e+07,1.235847900000000000e+07,1.235848000000000000e+07,1.235848100000000000e+07,1.235848200000000000e+07,-2.147483648000000000e+09,-2.147483648000000000e+09,-2.147483648000000000e+09,-2.147483648000000000e+09,-2.147483648000000000e+09,-2.147483648000000000e+09,-2.147483648000000000e+09,-2.147483648000000000e+09,-2.147483648000000000e+09,-2.147483648000000000e+09,-2.147483648000000000e+09,-2.147483648000000000e+09,-2.147483648000000000e+09,-2.147483648000000000e+09,-2.147483648000000000e+09,-2.147483648000000000e+09,-2.147483648000000000e+09,-2.147483648000000000e+09,-2.147483648000000000e+09,-2.147483648000000000e+09,-2.147483648000000000e+09,-2.147483648000000000e+09,-2.147483648000000000e+09,-2.147483648000000000e+09,-2.147483648000000000e+09,-2.147483648000000000e+09,-2.147483648000000000e+09,-2.147483648000000000e+09,-2.147483648000000000e+09,-2.147483648000000000e+09,-2.147483648000000000e+09,-2.147483648000000000e+09
-2.147483648000000000e+09,-2.147483648000000000e+09,-2.147483648000000000e+09,-2.147483648000000000e+09,-2.147483648000000000e+09,-2.147483648000000000e+09,-2.147483648000000000e+09,-2.147483648000000000e+09,-2.147483648000000000e+09,-2.147483648000000000e+09,-2.147483648000000000e+09,-2.147483648000000000e+09,-2.147483648000000000e+09,1.236563200000000000e+07,1.236563300000000000e+07,1.236563400000000000e+07,1.236563500000000000e+07,1.236563600000000000e+07,1.236563700000000000e+07,1.236563800000000000e+07,1.236563900000000000e+07,1.236564000000000000e+07,1.236564100000000000e+07,1.236564200000000000e+07,1.236564300000000000e+07,1.236564400000000000e+07,1.236564500000000000e+07,1.236564600000000000e+07,1.236564700000000000e+07,1.236564800000000000e+07,1.236564900000000000e+07,1.236565000000000000e+07,1.236565100000000000e+07,1.236565200000000000e+07,1.236565300000000000e+07,1.236565400000000000e+07,1.236565500000000000e+07,1.236565600000000000e+07,1.236565700000000000e+07,1.236565800000000000e+07,1.236565900000000000e+07,1.236566000000000000e+07,1.236566100000000000e+07,1.236566200000000000e+07,1.236566300000000000e+07,1.236566400000000000e+07,1.236566500000000000e+07,1.236566600000000000e+07,1.236566700000000000e+07,1.236566800000000000e+07,1.236566900000000000e+07,1.236567000000000000e+07,1.236567100000000000e+07,1.236567200000000000e+07,1.236567300000000000e+07,1.236567400000000000e+07,1.236567500000000000e+07,1.236567600000000000e+07,1.236567700000000000e+07,1.236567800000000000e+07,1.236567900000000000e+07,1.236568000000000000e+07,1.236568100000000000e+07,-2.147483648000000000e+09,-2.147483648000000000e+09,-2.147483648000000000e+09,-2.147483648000000000e+09,-2.147483648000000000e+09,-2.147483648000000000e+09,-2.147483648000000000e+09,-2.147483648000000000e+09,-2.147483648000000000e+09,-2.147483648000000000e+09,-2.147483648000000000e+09,-2.147483648000000000e+09,-2.147483648000000000e+09,-2.147483648000000000e+09,-2.147483648000000000e+09,-2.147483648000000000e+09,-2.147483648000000000e+09,-2.147483648000000000e+09,-2.147483648000000000e+09,-2.147483648000000000e+09,-2.147483648000000000e+09,-2.147483648000000000e+09,-2.147483648000000000e+09,-2.147483648000000000e+09,-2.147483648000000000e+09,-2.147483648000000000e+09,-2.147483648000000000e+09,-2.147483648000000000e+09,-2.147483648000000000e+09,-2.147483648000000000e+09,-2.147483648000000000e+09,-2.147483648000000000e+09,-2.147483648000000000e+09
-2.147483648000000000e+09,-2.147483648000000000e+09,-2.147483648000000000e+09,-2.147483648000000000e+09,-2.147483648000000000e+09,-2.147483648000000000e+09,-2.147483648000000000e+09,-2.147483648000000000e+09,-2.147483648000000000e+09,-2.147483648000000000e+09,-2.147483648000000000e+09,-2.147483648000000000e+09,-2.147483648000000000e+09,1.237283200000000000e+07,1.237283300000000000e+07,1.237283400000000000e+07,1.237283500000000000e+07,1.237283600000000000e+07,1.237283700000000000e+07,1.237283800000000000e+07,1.237283900000000000e+07,1.237284000000000000e+07,1.237284100000000000e+07,1.237284200000000000e+07,1.237284300000000000e+07,1.237284400000000000e+07,1.237284500000000000e+07,1.237284600000000000e+07,1.237284700000000000e+07,1.237284800000000000e+07,1.237284900000000000e+07,1.237285000000000000e+07,1.237285100000000000e+07,1.237285200000000000e+07,1.237285300000000000e+07,1.237285400000000000e+07,1.237285500000000000e+07,1.237285600000000000e+07,1.237285700000000000e+07,1.237285800000000000e+07,1.237285900000000000e+07,1.237286000000000000e+07,1.237286100000000000e+07,1.237286200000000000e+07,1.237286300000000000e+07,1.237286400000000000e+07,1.237286500000000000e+07,1.237286600000000000e+07,1.237286700000000000e+07,1.237286800000000000e+07,1.237286900000000000e+07,1.237287000000000000e+07,1.237287100000000000e+07,1.237287200000000000e+07,1.237287300000000000e+07,1.237287400000000000e+07,1.237287500000000000e+07,1.237287600000000000e+07,1.237287700000000000e+07,1.237287800000000000e+07,-2.147483648000000000e+09,-2.147483648000000000e+09,-2.147483648000000000e+09,-2.147483648000000000e+09,-2.147483648000000000e+09,-2.147483648000000000e+09,-2.147483648000000000e+09,-2.147483648000000000e+09,-2.147483648000000000e+09,-2.147483648000000000e+09,-2.147483648000000000e+09,-2.147483648000000000e+09,-2.147483648000000000e+09,-2.147483648000000000e+09,-2.147483648000000000e+09,-2.147483648000000000e+09,-2.147483648000000000e+09,-2.147483648000000000e+09,-2.147483648000000000e+09,-2.147483648000000000e+09,-2.147483648000000000e+09,-2.147483648000000000e+09,-2.147483648000000000e+09,-2.147483648000000000e+09,-2.147483648000000000e+09,-2.147483648000000000e+09,-2.147483648000000000e+09,-2.147483648000000000e+09,-2.147483648000000000e+09,-2.147483648000000000e+09,-2.147483648000000000e+09,-2.147483648000000000e+09,-2.147483648000000000e+09,-2.147483648000000000e+09,-2.147483648000000000e+09,-2.147483648000000000e+09
-2.147483648000000000e+09,-2.147483648000000000e+09,-2.147483648000000000e+09,-2.147483648000000000e+09,-2.147483648000000000e+09,-2.147483648000000000e+09,-2.147483648000000000e+09,-2.147483648000000000e+09,-2.147483648000000000e+09,-2.147483648000000000e+09,-2.147483648000000000e+09,-2.147483648000000000e+09,-2.147483648000000000e+09,1.238003200000000000e+07,1.238003300000000000e+07,1.238003400000000000e+07,1.238003500000000000e+07,1.238003600000000000e+07,1.238003700000000000e+07,1.238003800000000000e+07,1.238003900000000000e+07,1.238004000000000000e+07,1.238004100000000000e+07,1.238004200000000000e+07,1.238004300000000000e+07,1.238004400000000000e+07,1.238004500000000000e+07,1.238004600000000000e+07,1.238004700000000000e+07,1.238004800000000000e+07,1.238004900000000000e+07,1.238005000000000000e+07,1.238005100000000000e+07,1.238005200000000000e+07,1.238005300000000000e+07,1.238005400000000000e+07,1.238005500000000000e+07,1.238005600000000000e+07,1.238005700000000000e+07,1.238005800000000000e+07,1.238005900000000000e+07,1.238006000000000000e+07,1.238006100000000000e+07,1.238006200000000000e+07,1.238006300000000000e+07,1.238006400000000000e+07,1.238006500000000000e+07,1.238006600000000000e+07,1.238006700000000000e+07,1.238006800000000000e+07,1.238006900000000000e+07,1.238007000000000000e+07,1.238007100000000000e+07,1.238007200000000000e+07,1.238007300000000000e+07,1.238007400000000000e+07,1.238007500000000000e+07,1.238007600000000000e+07,1.238007700000000000e+07,-2.147483648000000000e+09,-2.147483648000000000e+09,-2.147483648000000000e+09,-2.147483648000000000e+09,-2.147483648000000000e+09,-2.147483648000000000e+09,-2.147483648000000000e+09,-2.147483648000000000e+09,-2.147483648000000000e+09,-2.147483648000000000e+09,-2.147483648000000000e+09,-2.147483648000000000e+09,-2.147483648000000000e+09,-2.147483648000000000e+09,-2.147483648000000000e+09,-2.147483648000000000e+09,-2.147483648000000000e+09,-2.147483648000000000e+09,-2.147483648000000000e+09,-2.147483648000000000e+09,-2.147483648000000000e+09,-2.147483648000000000e+09,-2.147483648000000000e+09,-2.147483648000000000e+09,-2.147483648000000000e+09,-2.147483648000000000e+09,-2.147483648000000000e+09,-2.147483648000000000e+09,-2.147483648000000000e+09,-2.147483648000000000e+09,-2.147483648000000000e+09,-2.147483648000000000e+09,-2.147483648000000000e+09,-2.147483648000000000e+09,-2.147483648000000000e+09,-2.147483648000000000e+09,-2.147483648000000000e+09
-2.147483648000000000e+09,-2.147483648000000000e+09,-2.147483648000000000e+09,-2.147483648000000000e+09,-2.147483648000000000e+09,-2.147483648000000000e+09,-2.147483648000000000e+09,-2.147483648000000000e+09,-2.147483648000000000e+09,-2.147483648000000000e+09,-2.147483648000000000e+09,-2.147483648000000000e+09,1.238723100000000000e+07,1.238723200000000000e+07,1.238723300000000000e+07,1.238723400000000000e+07,1.238723500000000000e+07,1.238723600000000000e+07,-2.147483648000000000e+09,-2.147483648000000000e+09,1.238723900000000000e+07,1.238724000000000000e+07,1.238724100000000000e+07,1.238724200000000000e+07,1.238724300000000000e+07,1.238724400000000000e+07,1.238724500000000000e+07,1.238724600000000000e+07,1.238724700000000000e+07,1.238724800000000000e+07,1.238724900000000000e+07,1.238725000000000000e+07,1.238725100000000000e+07,1.238725200000000000e+07,1.238725300000000000e+07,1.238725400000000000e+07,1.238725500000000000e+07,1.238725600000000000e+07,1.238725700000000000e+07,1.238725800000000000e+07,1.238725900000000000e+07,1.238726000000000000e+07,1.238726100000000000e+07,1.238726200000000000e+07,1.238726300000000000e+07,1.238726400000000000e+07,1.238726500000000000e+07,1.238726600000000000e+07,1.238726700000000000e+07,1.238726800000000000e+07,1.238726900000000000e+07,1.238727000000000000e+07,1.238727100000000000e+07,1.238727200000000000e+07,1.238727300000000000e+07,1.238727400000000000e+07,1.238727500000000000e+07,1.238727600000000000e+07,1.238727700000000000e+07,-2.147483648000000000e+09,-2.147483648000000000e+09,-2.147483648000000000e+09,-2.147483648000000000e+09,-2.147483648000000000e+09,-2.147483648000000000e+09,-2.147483648000000000e+09,-2.147483648000000000e+09,-2.147483648000000000e+09,-2.147483648000000000e+09,-2.147483648000000000e+09,-2.147483648000000000e+09,-2.147483648000000000e+09,-2.147483648000000000e+09,-2.147483648000000000e+09,-2.147483648000000000e+09,-2.147483648000000000e+09,-2.147483648000000000e+09,-2.147483648000000000e+09,-2.147483648000000000e+09,-2.147483648000000000e+09,-2.147483648000000000e+09,-2.147483648000000000e+09,-2.147483648000000000e+09,-2.147483648000000000e+09,-2.147483648000000000e+09,-2.147483648000000000e+09,-2.147483648000000000e+09,-2.147483648000000000e+09,-2.147483648000000000e+09,-2.147483648000000000e+09,-2.147483648000000000e+09,-2.147483648000000000e+09,-2.147483648000000000e+09,-2.147483648000000000e+09,-2.147483648000000000e+09,-2.147483648000000000e+09
-2.147483648000000000e+09,-2.147483648000000000e+09,-2.147483648000000000e+09,-2.147483648000000000e+09,-2.147483648000000000e+09,-2.147483648000000000e+09,-2.147483648000000000e+09,-2.147483648000000000e+09,-2.147483648000000000e+09,-2.147483648000000000e+09,-2.147483648000000000e+09,-2.147483648000000000e+09,-2.147483648000000000e+09,1.239443200000000000e+07,1.239443300000000000e+07,1.239443400000000000e+07,1.239443500000000000e+07,-2.147483648000000000e+09,-2.147483648000000000e+09,-2.147483648000000000e+09,1.239443900000000000e+07,1.239444000000000000e+07,1.239444100000000000e+07,1.239444200000000000e+07,1.239444300000000000e+07,1.239444400000000000e+07,1.239444500000000000e+07,1.239444600000000000e+07,1.239444700000000000e+07,1.239444800000000000e+07,1.239444900000000000e+07,1.239445000000000000e+07,1.239445100000000000e+07,1.239445200000000000e+07,1.239445300000000000e+07,1.239445400000000000e+07,1.239445500000000000e+07,1.239445600000000000e+07,1.239445700000000000e+07,1.239445800000000000e+07,1.239445900000000000e+07,1.239446000000000000e+07,1.239446100000000000e+07,1.239446200000000000e+07,1.239446300000000000e+07,1.239446400000000000e+07,1.239446500000000000e+07,1.239446600000000000e+07,1.239446700000000000e+07,1.239446800000000000e+07,1.239446900000000000e+07,1.239447000000000000e+07,1.239447100000000000e+07,1.239447200000000000e+07,1.239447300000000000e+07,1.239447400000000000e+07,1.239447500000000000e+07,1.239447600000000000e+07,-2.147483648000000000e+09,-2.147483648000000000e+09,-2.147483648000000000e+09,-2.147483648000000000e+09,-2.147483648000000000e+09,-2.147483648000000000e+09,-2.147483648000000000e+09,-2.147483648000000000e+09,-2.147483648000000000e+09,-2.147483648000000000e+09,-2.147483648000000000e+09,-2.147483648000000000e+09,-2.147483648000000000e+09,-2.147483648000000000e+09,-2.147483648000000000e+09,-2.147483648000000000e+09,-2.147483648000000000e+09,-2.147483648000000000e+09,-2.147483648000000000e+09,-2.147483648000000000e+09,-2.147483648000000000e+09,-2.147483648000000000e+09,-2.147483648000000000e+09,-2.147483648000000000e+09,-2.147483648000000000e+09,-2.147483648000000000e+09,-2.147483648000000000e+09,-2.147483648000000000e+09,-2.147483648000000000e+09,-2.147483648000000000e+09,-2.147483648000000000e+09,-2.147483648000000000e+09,-2.147483648000000000e+09,-2.147483648000000000e+09,-2.147483648000000000e+09,-2.147483648000000000e+09,-2.147483648000000000e+09,-2.147483648000000000e+09
-2.147483648000000000e+09,-2.147483648000000000e+09,-2.147483648000000000e+09,-2.147483648000000000e+09,-2.147483648000000000e+09,-2.147483648000000000e+09,-2.147483648000000000e+09,-2.147483648000000000e+09,-2.147483648000000000e+09,-2.147483648000000000e+09,-2.147483648000000000e+09,-2.147483648000000000e+09,-2.147483648000000000e+09,-2.147483648000000000e+09,-2.147483648000000000e+09,-2.147483648000000000e+09,-2.147483648000000000e+09,-2.147483648000000000e+09,-2.147483648000000000e+09,1.240163800000000000e+07,1.240163900000000000e+07,1.240164000000000000e+07,1.240164100000000000e+07,1.240164200000000000e+07,1.240164300000000000e+07,1.240164400000000000e+07,1.240164500000000000e+07,1.240164600000000000e+07,-2.147483648000000000e+09,1.240164800000000000e+07,1.240164900000000000e+07,1.240165000000000000e+07,1.240165100000000000e+07,1.240165200000000000e+07,1.240165300000000000e+07,1.240165400000000000e+07,1.240165500000000000e+07,1.240165600000000000e+07,1.240165700000000000e+07,1.240165800000000000e+07,-2.147483648000000000e+09,-2.147483648000000000e+09,1.240166100000000000e+07,1.240166200000000000e+07,1.240166300000000000e+07,1.240166400000000000e+07,1.240166500000000000e+07,1.240166600000000000e+07,1.240166700000000000e+07,1.240166800000000000e+07,1.240166900000000000e+07,1.240167000000000000e+07,1.240167100000000000e+07,1.240167200000000000e+07,1.240167300000000000e+07,1.240167400000000000e+07,1.240167500000000000e+07,-2.147483648000000000e+09,-2.147483648000000000e+09,-2.147483648000000000e+09,-2.147483648000000000e+09,-2.147483648000000000e+09,-2.147483648000000000e+09,-2.147483648000000000e+09,-2.147483648000000000e+09,-2.147483648000000000e+09,-2.147483648000000000e+09,-2.147483648000000000e+09,-2.147483648000000000e+09,-2.147483648000000000e+09,-2.147483648000000000e+09,-2.147483648000000000e+09,-2.147483648000000000e+09,-2.147483648000000000e+09,-2.147483648000000000e+09,-2.147483648000000000e+09,-2.147483648000000000e+09,-2.147483648000000000e+09,-2.147483648000000000e+09,-2.147483648000000000e+09,-2.147483648000000000e+09,-2.147483648000000000e+09,-2.147483648000000000e+09,-2.147483648000000000e+09,-2.147483648000000000e+09,-2.147483648000000000e+09,-2.147483648000000000e+09,-2.147483648000000000e+09,-2.147483648000000000e+09,-2.147483648000000000e+09,-2.147483648000000000e+09,-2.147483648000000000e+09,-2.147483648000000000e+09,-2.147483648000000000e+09,-2.147483648000000000e+09,-2.147483648000000000e+09
-2.147483648000000000e+09,-2.147483648000000000e+09,-2.147483648000000000e+09,-2.147483648000000000e+09,-2.147483648000000000e+09,-2.147483648000000000e+09,-2.147483648000000000e+09,-2.147483648000000000e+09,-2.147483648000000000e+09,-2.147483648000000000e+09,-2.147483648000000000e+09,-2.147483648000000000e+09,-2.147483648000000000e+09,-2.147483648000000000e+09,-2.147483648000000000e+09,-2.147483648000000000e+09,-2.147483648000000000e+09,-2.147483648000000000e+09,1.240883700000000000e+07,1.240883800000000000e+07,1.240883900000000000e+07,1.240884000000000000e+07,1.240884100000000000e+07,1.240884200000000000e+07,1.240884300000000000e+07,1.240884400000000000e+07,-2.147483648000000000e+09,-2.147483648000000000e+09,-2.147483648000000000e+09,1.240884800000000000e+07,1.240884900000000000e+07,1.240885000000000000e+07,1.240885100000000000e+07,-2.147483648000000000e+09,1.240885300000000000e+07,1.240885400000000000e+07,1.240885500000000000e+07,1.240885600000000000e+07,-2.147483648000000000e+09,-2.147483648000000000e+09,-2.147483648000000000e+09,1.240886000000000000e+07,1.240886100000000000e+07,1.240886200000000000e+07,1.240886300000000000e+07,1.240886400000000000e+07,1.240886500000000000e+07,1.240886600000000000e+07,1.240886700000000000e+07,1.240886800000000000e+07,1.240886900000000000e+07,1.240887000000000000e+07,1.240887100000000000e+07,1.240887200000000000e+07,1.240887300000000000e+07,1.240887400000000000e+07,-2.147483648000000000e+09,-2.147483648000000000e+09,-2.147483648000000000e+09,-2.147483648000000000e+09,-2.147483648000000000e+09,-2.147483648000000000e+09,-2.147483648000000000e+09,-2.147483648000000000e+09,-2.147483648000000000e+09,-2.147483648000000000e+09,-2.147483648000000000e+09,-2.147483648000000000e+09,-2.147483648000000000e+09,-2.147483648000000000e+09,-2.147483648000000000e+09,-2.147483648000000000e+09,-2.147483648000000000e+09,-2.147483648000000000e+09,-2.147483648000000000e+09,-2.147483648000000000e+09,-2.147483648000000000e+09,-2.147483648000000000e+09,-2.147483648000000000e+09,-2.147483648000000000e+09,-2.147483648000000000e+09,-2.147483648000000000e+09,-2.147483648000000000e+09,-2.147483648000000000e+09,-2.147483648000000000e+09,-2.147483648000000000e+09,-2.147483648000000000e+09,-2.147483648000000000e+09,-2.147483648000000000e+09,-2.147483648000000000e+09,-2.147483648000000000e+09,-2.147483648000000000e+09,-2.147483648000000000e+09,-2.147483648000000000e+09,-2.147483648000000000e+09,-2.147483648000000000e+09
-2.147483648000000000e+09,-2.147483648000000000e+09,-2.147483648000000000e+09,-2.147483648000000000e+09,-2.147483648000000000e+09,-2.147483648000000000e+09,-2.147483648000000000e+09,-2.147483648000000000e+09,-2.147483648000000000e+09,-2.147483648000000000e+09,-2.147483648000000000e+09,-2.147483648000000000e+09,-2.147483648000000000e+09,-2.147483648000000000e+09,-2.147483648000000000e+09,-2.147483648000000000e+09,1.241603500000000000e+07,1.241603600000000000e+07,1.241603700000000000e+07,1.241603800000000000e+07,1.241603900000000000e+07,1.241604000000000000e+07,-2.147483648000000000e+09,-2.147483648000000000e+09,-2.147483648000000000e+09,-2.147483648000000000e+09,-2.147483648000000000e+09,-2.147483648000000000e+09,-2.147483648000000000e+09,-2.147483648000000000e+09,-2.147483648000000000e+09,-2.147483648000000000e+09,-2.147483648000000000e+09,-2.147483648000000000e+09,-2.147483648000000000e+09,1.241605400000000000e+07,1.241605500000000000e+07,-2.147483648000000000e+09,-2.147483648000000000e+09,-2.147483648000000000e+09,-2.147483648000000000e+09,1.241606000000000000e+07,1.241606100000000000e+07,1.241606200000000000e+07,1.241606300000000000e+07,1.241606400000000000e+07,1.241606500000000000e+07,1.241606600000000000e+07,1.241606700000000000e+07,1.241606800000000000e+07,1.241606900000000000e+07,1.241607000000000000e+07,1.241607100000000000e+07,1.241607200000000000e+07,1.241607300000000000e+07,-2.147483648000000000e+09,-2.147483648000000000e+09,-2.147483648000000000e+09,-2.147483648000000000e+09,-2.147483648000000000e+09,-2.147483648000000000e+09,-2.147483648000000000e+09,-2.147483648000000000e+09,-2.147483648000000000e+09,-2.147483648000000000e+09,-2.147483648000000000e+09,-2.147483648000000000e+09,-2.147483648000000000e+09,-2.147483648000000000e+09,-2.147483648000000000e+09,-2.147483648000000000e+09,-2.147483648000000000e+09,-2.147483648000000000e+09,-2.147483648000000000e+09,-2.147483648000000000e+09,-2.147483648000000000e+09,-2.147483648000000000e+09,-2.147483648000000000e+09,-2.147483648000000000e+09,-2.147483648000000000e+09,-2.147483648000000000e+09,-2.147483648000000000e+09,-2.147483648000000000e+09,-2.147483648000000000e+09,-2.147483648000000000e+09,-2.147483648000000000e+09,-2.147483648000000000e+09,-2.147483648000000000e+09,-2.147483648000000000e+09,-2.147483648000000000e+09,-2.147483648000000000e+09,-2.147483648000000000e+09,-2.147483648000000000e+09,-2.147483648000000000e+09,-2.147483648000000000e+09,-2.147483648000000000e+09
-2.147483648000000000e+09,-2.147483648000000000e+09,-2.147483648000000000e+09,-2.147483648000000000e+09,-2.147483648000000000e+09,-2.147483648000000000e+09,-2.147483648000000000e+09,-2.147483648000000000e+09,-2.147483648000000000e+09,-2.147483648000000000e+09,-2.147483648000000000e+09,-2.147483648000000000e+09,-2.147483648000000000e+09,1.242323200000000000e+07,1.242323300000000000e+07,1.242323400000000000e+07,1.242323500000000000e+07,1.242323600000000000e+07,1.242323700000000000e+07,1.242323800000000000e+07,1.242323900000000000e+07,-2.147483648000000000e+09,-2.147483648000000000e+09,-2.147483648000000000e+09,-2.147483648000000000e+09,-2.147483648000000000e+09,-2.147483648000000000e+09,-2.147483648000000000e+09,-2.147483648000000000e+09,-2.147483648000000000e+09,-2.147483648000000000e+09,-2.147483648000000000e+09,-2.147483648000000000e+09,-2.147483648000000000e+09,-2.147483648000000000e+09,-2.147483648000000000e+09,-2.147483648000000000e+09,-2.147483648000000000e+09,-2.147483648000000000e+09,-2.147483648000000000e+09,-2.147483648000000000e+09,-2.147483648000000000e+09,1.242326100000000000e+07,1.242326200000000000e+07,1.242326300000000000e+07,1.242326400000000000e+07,1.242326500000000000e+07,1.242326600000000000e+07,1.242326700000000000e+07,1.242326800000000000e+07,1.242326900000000000e+07,1.242327000000000000e+07,1.242327100000000000e+07,1.242327200000000000e+07,-2.147483648000000000e+09,-2.147483648000000000e+09,-2.147483648000000000e+09,-2.147483648000000000e+09,-2.147483648000000000e+09,-2.147483648000000000e+09,-2.147483648000000000e+09,-2.147483648000000000e+09,-2.147483648000000000e+09,-2.147483648000000000e+09,-2.147483648000000000e+09,-2.147483648000000000e+09,-2.147483648000000000e+09,-2.147483648000000000e+09,-2.147483648000000000e+09,-2.147483648000000000e+09,-2.147483648000000000e+09,-2.147483648000000000e+09,-2.147483648000000000e+09,-2.147483648000000000e+09,-2.147483648000000000e+09,-2.147483648000000000e+09,-2.147483648000000000e+09,-2.147483648000000000e+09,-2.147483648000000000e+09,-2.147483648000000000e+09,-2.147483648000000000e+09,-2.147483648000000000e+09,-2.147483648000000000e+09,-2.147483648000000000e+09,-2.147483648000000000e+09,-2.147483648000000000e+09,-2.147483648000000000e+09,-2.147483648000000000e+09,-2.147483648000000000e+09,-2.147483648000000000e+09,-2.147483648000000000e+09,-2.147483648000000000e+09,-2.147483648000000000e+09,-2.147483648000000000e+09,-2.147483648000000000e+09,-2.147483648000000000e+09
-2.147483648000000000e+09,-2.147483648000000000e+09,-2.147483648000000000e+09,-2.147483648000000000e+09,-2.147483648000000000e+09,-2.147483648000000000e+09,-2.147483648000000000e+09,-2.147483648000000000e+09,-2.147483648000000000e+09,1.243042800000000000e+07,-2.147483648000000000e+09,1.243043000000000000e+07,1.243043100000000000e+07,1.243043200000000000e+07,1.243043300000000000e+07,1.243043400000000000e+07,1.243043500000000000e+07,1.243043600000000000e+07,-2.147483648000000000e+09,-2.147483648000000000e+09,-2.147483648000000000e+09,-2.147483648000000000e+09,-2.147483648000000000e+09,-2.147483648000000000e+09,-2.147483648000000000e+09,-2.147483648000000000e+09,-2.147483648000000000e+09,-2.147483648000000000e+09,-2.147483648000000000e+09,-2.147483648000000000e+09,-2.147483648000000000e+09,-2.147483648000000000e+09,-2.147483648000000000e+09,-2.147483648000000000e+09,-2.147483648000000000e+09,-2.147483648000000000e+09,-2.147483648000000000e+09,-2.147483648000000000e+09,-2.147483648000000000e+09,-2.147483648000000000e+09,-2.147483648000000000e+09,-2.147483648000000000e+09,1.243046100000000000e+07,1.243046200000000000e+07,1.243046300000000000e+07,1.243046400000000000e+07,1.243046500000000000e+07,1.243046600000000000e+07,1.243046700000000000e+07,1.243046800000000000e+07,1.243046900000000000e+07,1.243047000000000000e+07,1.243047100000000000e+07,-2.147483648000000000e+09,-2.147483648000000000e+09,-2.147483648000000000e+09,-2.147483648000000000e+09,-2.147483648000000000e+09,-2.147483648000000000e+09,-2.147483648000000000e+09,-2.147483648000000000e+09,-2.147483648000000000e+09,-2.147483648000000000e+09,-2.147483648000000000e+09,-2.147483648000000000e+09,-2.147483648000000000e+09,-2.147483648000000000e+09,-2.147483648000000000e+09,-2.147483648000000000e+09,-2.147483648000000000e+09,-2.147483648000000000e+09,-2.147483648000000000e+09,-2.147483648000000000e+09,-2.147483648000000000e+09,-2.147483648000000000e+09,-2.147483648000000000e+09,-2.147483648000000000e+09,-2.147483648000000000e+09,-2.147483648000000000e+09,-2.147483648000000000e+09,-2.147483648000000000e+09,-2.147483648000000000e+09,-2.147483648000000000e+09,-2.147483648000000000e+09,-2.147483648000000000e+09,-2.147483648000000000e+09,-2.147483648000000000e+09,-2.147483648000000000e+09,-2.147483648000000000e+09,-2.147483648000000000e+09,-2.147483648000000000e+09,-2.147483648000000000e+09,-2.147483648000000000e+09,-2.147483648000000000e+09,-2.147483648000000000e+09,-2.147483648000000000e+09
-2.147483648000000000e+09,-2.147483648000000000e+09,-2.147483648000000000e+09,-2.147483648000000000e+09,-2.147483648000000000e+09,-2.147483648000000000e+09,1.243762500000000000e+07,1.243762600000000000e+07,1.243762700000000000e+07,1.243762800000000000e+07,1.243762900000000000e+07,1.243763000000000000e+07,1.243763100000000000e+07,1.243763200000000000e+07,1.243763300000000000e+07,1.243763400000000000e+07,1.243763500000000000e+07,-2.147483648000000000e+09,-2.147483648000000000e+09,-2.147483648000000000e+09,-2.147483648000000000e+09,-2.147483648000000000e+09,-2.147483648000000000e+09,-2.147483648000000000e+09,-2.147483648000000000e+09,-2.147483648000000000e+09,-2.147483648000000000e+09,-2.147483648000000000e+09,-2.147483648000000000e+09,-2.147483648000000000e+09,-2.147483648000000000e+09,-2.147483648000000000e+09,-2.147483648000000000e+09,-2.147483648000000000e+09,-2.147483648000000000e+09,-2.147483648000000000e+09,-2.147483648000000000e+09,-2.147483648000000000e+09,-2.147483648000000000e+09,-2.147483648000000000e+09,-2.147483648000000000e+09,-2.147483648000000000e+09,-2.147483648000000000e+09,-2.147483648000000000e+09,1.243766300000000000e+07,1.243766400000000000e+07,1.243766500000000000e+07,1.243766600000000000e+07,1.243766700000000000e+07,1.243766800000000000e+07,1.243766900000000000e+07,1.243767000000000000e+07,-2.147483648000000000e+09,-2.147483648000000000e+09,-2.147483648000000000e+09,-2.147483648000000000e+09,-2.147483648000000000e+09,-2.147483648000000000e+09,-2.147483648000000000e+09,-2.147483648000000000e+09,-2.147483648000000000e+09,-2.147483648000000000e+09,-2.147483648000000000e+09,-2.147483648000000000e+09,-2.147483648000000000e+09,-2.147483648000000000e+09,-2.147483648000000000e+09,-2.147483648000000000e+09,-2.147483648000000000e+09,-2.147483648000000000e+09,-2.147483648000000000e+09,-2.147483648000000000e+09,-2.147483648000000000e+09,-2.147483648000000000e+09,-2.147483648000000000e+09,-2.147483648000000000e+09,-2.147483648000000000e+09,-2.147483648000000000e+09,-2.147483648000000000e+09,-2.147483648000000000e+09,-2.147483648000000000e+09,-2.147483648000000000e+09,-2.147483648000000000e+09,-2.147483648000000000e+09,-2.147483648000000000e+09,-2.147483648000000000e+09,-2.147483648000000000e+09,-2.147483648000000000e+09,-2.147483648000000000e+09,-2.147483648000000000e+09,-2.147483648000000000e+09,-2.147483648000000000e+09,-2.147483648000000000e+09,-2.147483648000000000e+09,-2.147483648000000000e+09,-2.147483648000000000e+09
-2.147483648000000000e+09,-2.147483648000000000e+09,-2.147483648000000000e+09,-2.147483648000000000e+09,1.244482300000000000e+07,1.244482400000000000e+07,1.244482500000000000e+07,1.244482600000000000e+07,1.244482700000000000e+07,1.244482800000000000e+07,1.244482900000000000e+07,1.244483000000000000e+07,1.244483100000000000e+07,1.244483200000000000e+07,-2.147483648000000000e+09,-2.147483648000000000e+09,-2.147483648000000000e+09,-2.147483648000000000e+09,-2.147483648000000000e+09,-2.147483648000000000e+09,-2.147483648000000000e+09,-2.147483648000000000e+09,-2.147483648000000000e+09,-2.147483648000000000e+09,-2.147483648000000000e+09,-2.147483648000000000e+09,-2.147483648000000000e+09,-2.147483648000000000e+09,-2.147483648000000000e+09,-2.147483648000000000e+09,-2.147483648000000000e+09,-2.147483648000000000e+09,-2.147483648000000000e+09,-2.147483648000000000e+09,-2.147483648000000000e+09,-2.147483648000000000e+09,-2.147483648000000000e+09,-2.147483648000000000e+09,-2.147483648000000000e+09,-2.147483648000000000e+09,-2.147483648000000000e+09,-2.147483648000000000e+09,-2.147483648000000000e+09,-2.147483648000000000e+09,-2.147483648000000000e+09,1.244486400000000000e+07,1.244486500000000000e+07,1.244486600000000000e+07,1.244486700000000000e+07,1.244486800000000000e+07,1.244486900000000000e+07,-2.147483648000000000e+09,-2.147483648000000000e+09,-2.147483648000000000e+09,-2.147483648000000000e+09,-2.147483648000000000e+09,-2.147483648000000000e+09,-2.147483648000000000e+09,-2.147483648000000000e+09,-2.147483648000000000e+09,-2.147483648000000000e+09,-2.147483648000000000e+09,-2.147483648000000000e+09,-2.147483648000000000e+09,-2.147483648000000000e+09,-2.147483648000000000e+09,-2.147483648000000000e+09,-2.147483648000000000e+09,-2.147483648000000000e+09,-2.147483648000000000e+09,-2.147483648000000000e+09,-2.147483648000000000e+09,-2.147483648000000000e+09,-2.147483648000000000e+09,-2.147483648000000000e+09,-2.147483648000000000e+09,-2.147483648000000000e+09,-2.147483648000000000e+09,-2.147483648000000000e+09,-2.147483648000000000e+09,-2.147483648000000000e+09,-2.147483648000000000e+09,-2.147483648000000000e+09,-2.147483648000000000e+09,-2.147483648000000000e+09,-2.147483648000000000e+09,-2.147483648000000000e+09,-2.147483648000000000e+09,-2.147483648000000000e+09,-2.147483648000000000e+09,-2.147483648000000000e+09,-2.147483648000000000e+09,-2.147483648000000000e+09,-2.147483648000000000e+09,-2.147483648000000000e+09,-2.147483648000000000e+09
-2.147483648000000000e+09,-2.147483648000000000e+09,1.245202100000000000e+07,1.245202200000000000e+07,1.245202300000000000e+07,1.245202400000000000e+07,1.245202500000000000e+07,1.245202600000000000e+07,1.245202700000000000e+07,1.245202800000000000e+07,1.245202900000000000e+07,1.245203000000000000e+07,-2.147483648000000000e+09,-2.147483648000000000e+09,-2.147483648000000000e+09,-2.147483648000000000e+09,-2.147483648000000000e+09,-2.147483648000000000e+09,-2.147483648000000000e+09,-2.147483648000000000e+09,-2.147483648000000000e+09,-2.147483648000000000e+09,-2.147483648000000000e+09,-2.147483648000000000e+09,-2.147483648000000000e+09,-2.147483648000000000e+09,-2.147483648000000000e+09,-2.147483648000000000e+09,-2.147483648000000000e+09,-2.147483648000000000e+09,-2.147483648000000000e+09,-2.147483648000000000e+09,-2.147483648000000000e+09,-2.147483648000000000e+09,-2.147483648000000000e+09,-2.147483648000000000e+09,-2.147483648000000000e+09,-2.147483648000000000e+09,-2.147483648000000000e+09,-2.147483648000000000e+09,-2.147483648000000000e+09,-2.147483648000000000e+09,-2.147483648000000000e+09,-2.147483648000000000e+09,-2.147483648000000000e+09,1.245206400000000000e+07,1.245206500000000000e+07,1.245206600000000000e+07,1.245206700000000000e+07,-2.147483648000000000e+09,-2.147483648000000000e+09,-2.147483648000000000e+09,-2.147483648000000000e+09,-2.147483648000000000e+09,-2.147483648000000000e+09,-2.147483648000000000e+09,-2.147483648000000000e+09,-2.147483648000000000e+09,-2.147483648000000000e+09,-2.147483648000000000e+09,-2.147483648000000000e+09,-2.147483648000000000e+09,-2.147483648000000000e+09,-2.147483648000000000e+09,-2.147483648000000000e+09,-2.147483648000000000e+09,-2.147483648000000000e+09,-2.147483648000000000e+09,-2.147483648000000000e+09,-2.147483648000000000e+09,-2.147483648000000000e+09,-2.147483648000000000e+09,-2.147483648000000000e+09,-2.147483648000000000e+09,-2.147483648000000000e+09,-2.147483648000000000e+09,-2.147483648000000000e+09,-2.147483648000000000e+09,-2.147483648000000000e+09,-2.147483648000000000e+09,-2.147483648000000000e+09,-2.147483648000000000e+09,-2.147483648000000000e+09,-2.147483648000000000e+09,-2.147483648000000000e+09,-2.147483648000000000e+09,-2.147483648000000000e+09,-2.147483648000000000e+09,-2.147483648000000000e+09,-2.147483648000000000e+09,-2.147483648000000000e+09,-2.147483648000000000e+09,-2.147483648000000000e+09,-2.147483648000000000e+09,-2.147483648000000000e+09,-2.147483648000000000e+09
-2.147483648000000000e+09,1.245922000000000000e+07,1.245922100000000000e+07,1.245922200000000000e+07,1.245922300000000000e+07,1.245922400000000000e+07,1.245922500000000000e+07,1.245922600000000000e+07,-2.147483648000000000e+09,-2.147483648000000000e+09,1.245922900000000000e+07,-2.147483648000000000e+09,-2.147483648000000000e+09,-2.147483648000000000e+09,-2.147483648000000000e+09,-2.147483648000000000e+09,-2.147483648000000000e+09,-2.147483648000000000e+09,-2.147483648000000000e+09,-2.147483648000000000e+09,-2.147483648000000000e+09,-2.147483648000000000e+09,-2.147483648000000000e+09,-2.147483648000000000e+09,-2.147483648000000000e+09,-2.147483648000000000e+09,-2.147483648000000000e+09,-2.147483648000000000e+09,-2.147483648000000000e+09,-2.147483648000000000e+09,-2.147483648000000000e+09,-2.147483648000000000e+09,-2.147483648000000000e+09,-2.147483648000000000e+09,-2.147483648000000000e+09,-2.147483648000000000e+09,-2.147483648000000000e+09,-2.147483648000000000e+09,-2.147483648000000000e+09,-2.147483648000000000e+09,-2.147483648000000000e+09,-2.147483648000000000e+09,-2.147483648000000000e+09,-2.147483648000000000e+09,-2.147483648000000000e+09,1.245926400000000000e+07,1.245926500000000000e+07,-2.147483648000000000e+09,-2.147483648000000000e+09,-2.147483648000000000e+09,-2.147483648000000000e+09,-2.147483648000000000e+09,-2.147483648000000000e+09,-2.147483648000000000e+09,-2.147483648000000000e+09,-2.147483648000000000e+09,-2.147483648000000000e+09,-2.147483648000000000e+09,-2.147483648000000000e+09,-2.147483648000000000e+09,-2.147483648000000000e+09,-2.147483648000000000e+09,-2.147483648000000000e+09,-2.147483648000000000e+09,-2.147483648000000000e+09,-2.147483648000000000e+09,-2.147483648000000000e+09,-2.147483648000000000e+09,-2.147483648000000000e+09,-2.147483648000000000e+09,-2.147483648000000000e+09,-2.147483648000000000e+09,-2.147483648000000000e+09,-2.147483648000000000e+09,-2.147483648000000000e+09,-2.147483648000000000e+09,-2.147483648000000000e+09,-2.147483648000000000e+09,-2.147483648000000000e+09,-2.147483648000000000e+09,-2.147483648000000000e+09,-2.147483648000000000e+09,-2.147483648000000000e+09,-2.147483648000000000e+09,-2.147483648000000000e+09,-2.147483648000000000e+09,-2.147483648000000000e+09,-2.147483648000000000e+09,-2.147483648000000000e+09,-2.147483648000000000e+09,-2.147483648000000000e+09,-2.147483648000000000e+09,-2.147483648000000000e+09,-2.147483648000000000e+09,-2.147483648000000000e+09,-2.147483648000000000e+09
-2.147483648000000000e+09,1.246642000000000000e+07,1.246642100000000000e+07,1.246642200000000000e+07,1.246642300000000000e+07,1.246642400000000000e+07,1.246642500000000000e+07,-2.147483648000000000e+09,-2.147483648000000000e+09,-2.147483648000000000e+09,-2.147483648000000000e+09,-2.147483648000000000e+09,-2.147483648000000000e+09,-2.147483648000000000e+09,-2.147483648000000000e+09,-2.147483648000000000e+09,-2.147483648000000000e+09,-2.147483648000000000e+09,-2.147483648000000000e+09,-2.147483648000000000e+09,-2.147483648000000000e+09,-2.147483648000000000e+09,-2.147483648000000000e+09,-2.147483648000000000e+09,-2.147483648000000000e+09,-2.147483648000000000e+09,-2.147483648000000000e+09,-2.147483648000000000e+09,-2.147483648000000000e+09,-2.147483648000000000e+09,-2.147483648000000000e+09,-2.147483648000000000e+09,-2.147483648000000000e+09,-2.147483648000000000e+09,-2.147483648000000000e+09,-2.147483648000000000e+09,-2.147483648000000000e+09,-2.147483648000000000e+09,-2.147483648000000000e+09,-2.147483648000000000e+09,-2.147483648000000000e+09,-2.147483648000000000e+09,-2.147483648000000000e+09,-2.147483648000000000e+09,-2.147483648000000000e+09,-2.147483648000000000e+09,-2.147483648000000000e+09,-2.147483648000000000e+09,-2.147483648000000000e+09,-2.147483648000000000e+09,-2.147483648000000000e+09,-2.147483648000000000e+09,-2.147483648000000000e+09,-2.147483648000000000e+09,-2.147483648000000000e+09,-2.147483648000000000e+09,-2.147483648000000000e+09,-2.147483648000000000e+09,-2.147483648000000000e+09,-2.147483648000000000e+09,-2.147483648000000000e+09,-2.147483648000000000e+09,-2.147483648000000000e+09,-2.147483648000000000e+09,-2.147483648000000000e+09,-2.147483648000000000e+09,-2.147483648000000000e+09,-2.147483648000000000e+09,-2.147483648000000000e+09,-2.147483648000000000e+09,-2.147483648000000000e+09,-2.147483648000000000e+09,-2.147483648000000000e+09,-2.147483648000000000e+09,-2.147483648000000000e+09,-2.147483648000000000e+09,-2.147483648000000000e+09,-2.147483648000000000e+09,-2.147483648000000000e+09,-2.147483648000000000e+09,-2.147483648000000000e+09,-2.147483648000000000e+09,-2.147483648000000000e+09,-2.147483648000000000e+09,-2.147483648000000000e+09,-2.147483648000000000e+09,-2.147483648000000000e+09,-2.147483648000000000e+09,-2.147483648000000000e+09,-2.147483648000000000e+09,-2.147483648000000000e+09,-2.147483648000000000e+09,-2.147483648000000000e+09,-2.147483648000000000e+09,-2.147483648000000000e+09,-2.147483648000000000e+09
1.247361900000000000e+07,1.247362000000000000e+07,1.247362100000000000e+07,1.247362200000000000e+07,1.247362300000000000e+07,1.247362400000000000e+07,-2.147483648000000000e+09,-2.147483648000000000e+09,-2.147483648000000000e+09,-2.147483648000000000e+09,-2.147483648000000000e+09,-2.147483648000000000e+09,-2.147483648000000000e+09,-2.147483648000000000e+09,-2.147483648000000000e+09,-2.147483648000000000e+09,-2.147483648000000000e+09,-2.147483648000000000e+09,-2.147483648000000000e+09,-2.147483648000000000e+09,-2.147483648000000000e+09,-2.147483648000000000e+09,-2.147483648000000000e+09,-2.147483648000000000e+09,-2.147483648000000000e+09,-2.147483648000000000e+09,-2.147483648000000000e+09,-2.147483648000000000e+09,-2.147483648000000000e+09,-2.147483648000000000e+09,-2.147483648000000000e+09,-2.147483648000000000e+09,-2.147483648000000000e+09,-2.147483648000000000e+09,-2.147483648000000000e+09,-2.147483648000000000e+09,-2.147483648000000000e+09,-2.147483648000000000e+09,-2.147483648000000000e+09,-2.147483648000000000e+09,-2.147483648000000000e+09,-2.147483648000000000e+09,-2.147483648000000000e+09,-2.147483648000000000e+09,-2.147483648000000000e+09,-2.147483648000000000e+09,-2.147483648000000000e+09,-2.147483648000000000e+09,-2.147483648000000000e+09,-2.147483648000000000e+09,-2.147483648000000000e+09,-2.147483648000000000e+09,-2.147483648000000000e+09,-2.147483648000000000e+09,-2.147483648000000000e+09,-2.147483648000000000e+09,-2.147483648000000000e+09,-2.147483648000000000e+09,-2.147483648000000000e+09,-2.147483648000000000e+09,-2.147483648000000000e+09,-2.147483648000000000e+09,-2.147483648000000000e+09,-2.147483648000000000e+09,-2.147483648000000000e+09,-2.147483648000000000e+09,-2.147483648000000000e+09,-2.147483648000000000e+09,-2.147483648000000000e+09,-2.147483648000000000e+09,-2.147483648000000000e+09,-2.147483648000000000e+09,-2.147483648000000000e+09,-2.147483648000000000e+09,-2.147483648000000000e+09,-2.147483648000000000e+09,-2.147483648000000000e+09,-2.147483648000000000e+09,-2.147483648000000000e+09,-2.147483648000000000e+09,-2.147483648000000000e+09,-2.147483648000000000e+09,-2.147483648000000000e+09,-2.147483648000000000e+09,-2.147483648000000000e+09,-2.147483648000000000e+09,-2.147483648000000000e+09,-2.147483648000000000e+09,-2.147483648000000000e+09,-2.147483648000000000e+09,-2.147483648000000000e+09,-2.147483648000000000e+09,-2.147483648000000000e+09,-2.147483648000000000e+09,-2.147483648000000000e+09,-2.147483648000000000e+09
1.248081900000000000e+07,1.248082000000000000e+07,1.248082100000000000e+07,1.248082200000000000e+07,1.248082300000000000e+07,-2.147483648000000000e+09,-2.147483648000000000e+09,-2.147483648000000000e+09,-2.147483648000000000e+09,-2.147483648000000000e+09,-2.147483648000000000e+09,-2.147483648000000000e+09,-2.147483648000000000e+09,-2.147483648000000000e+09,-2.147483648000000000e+09,-2.147483648000000000e+09,-2.147483648000000000e+09,-2.147483648000000000e+09,-2.147483648000000000e+09,-2.147483648000000000e+09,-2.147483648000000000e+09,-2.147483648000000000e+09,-2.147483648000000000e+09,-2.147483648000000000e+09,-2.147483648000000000e+09,-2.147483648000000000e+09,-2.147483648000000000e+09,-2.147483648000000000e+09,-2.147483648000000000e+09,-2.147483648000000000e+09,-2.147483648000000000e+09,-2.147483648000000000e+09,-2.147483648000000000e+09,-2.147483648000000000e+09,-2.147483648000000000e+09,-2.147483648000000000e+09,-2.147483648000000000e+09,-2.147483648000000000e+09,-2.147483648000000000e+09,-2.147483648000000000e+09,-2.147483648000000000e+09,-2.147483648000000000e+09,-2.147483648000000000e+09,-2.147483648000000000e+09,-2.147483648000000000e+09,-2.147483648000000000e+09,-2.147483648000000000e+09,-2.147483648000000000e+09,-2.147483648000000000e+09,-2.147483648000000000e+09,-2.147483648000000000e+09,-2.147483648000000000e+09,-2.147483648000000000e+09,-2.147483648000000000e+09,-2.147483648000000000e+09,-2.147483648000000000e+09,-2.147483648000000000e+09,-2.147483648000000000e+09,-2.147483648000000000e+09,-2.147483648000000000e+09,-2.147483648000000000e+09,-2.147483648000000000e+09,-2.147483648000000000e+09,-2.147483648000000000e+09,-2.147483648000000000e+09,-2.147483648000000000e+09,-2.147483648000000000e+09,-2.147483648000000000e+09,-2.147483648000000000e+09,-2.147483648000000000e+09,-2.147483648000000000e+09,-2.147483648000000000e+09,-2.147483648000000000e+09,-2.147483648000000000e+09,-2.147483648000000000e+09,-2.147483648000000000e+09,-2.147483648000000000e+09,-2.147483648000000000e+09,-2.147483648000000000e+09,-2.147483648000000000e+09,-2.147483648000000000e+09,-2.147483648000000000e+09,-2.147483648000000000e+09,-2.147483648000000000e+09,-2.147483648000000000e+09,-2.147483648000000000e+09,-2.147483648000000000e+09,-2.147483648000000000e+09,-2.147483648000000000e+09,-2.147483648000000000e+09,-2.147483648000000000e+09,-2.147483648000000000e+09,-2.147483648000000000e+09,-2.147483648000000000e+09,-2.147483648000000000e+09,-2.147483648000000000e+09
-2.147483648000000000e+09,1.248802000000000000e+07,1.248802100000000000e+07,1.248802200000000000e+07,-2.147483648000000000e+09,-2.147483648000000000e+09,-2.147483648000000000e+09,-2.147483648000000000e+09,-2.147483648000000000e+09,-2.147483648000000000e+09,-2.147483648000000000e+09,-2.147483648000000000e+09,-2.147483648000000000e+09,-2.147483648000000000e+09,-2.147483648000000000e+09,-2.147483648000000000e+09,-2.147483648000000000e+09,-2.147483648000000000e+09,-2.147483648000000000e+09,-2.147483648000000000e+09,-2.147483648000000000e+09,-2.147483648000000000e+09,-2.147483648000000000e+09,-2.147483648000000000e+09,-2.147483648000000000e+09,-2.147483648000000000e+09,-2.147483648000000000e+09,-2.147483648000000000e+09,-2.147483648000000000e+09,-2.147483648000000000e+09,-2.147483648000000000e+09,-2.147483648000000000e+09,-2.147483648000000000e+09,-2.147483648000000000e+09,-2.147483648000000000e+09,-2.147483648000000000e+09,-2.147483648000000000e+09,-2.147483648000000000e+09,-2.147483648000000000e+09,-2.147483648000000000e+09,-2.147483648000000000e+09,-2.147483648000000000e+09,-2.147483648000000000e+09,-2.147483648000000000e+09,-2.147483648000000000e+09,-2.147483648000000000e+09,-2.147483648000000000e+09,-2.147483648000000000e+09,-2.147483648000000000e+09,-2.147483648000000000e+09,-2.147483648000000000e+09,-2.147483648000000000e+09,-2.147483648000000000e+09,-2.147483648000000000e+09,-2.147483648000000000e+09,-2.147483648000000000e+09,-2.147483648000000000e+09,-2.147483648000000000e+09,-2.147483648000000000e+09,-2.147483648000000000e+09,-2.147483648000000000e+09,-2.147483648000000000e+09,-2.147483648000000000e+09,-2.147483648000000000e+09,-2.147483648000000000e+09,-2.147483648000000000e+09,-2.147483648000000000e+09,-2.147483648000000000e+09,-2.147483648000000000e+09,-2.147483648000000000e+09,-2.147483648000000000e+09,-2.147483648000000000e+09,-2.147483648000000000e+09,-2.147483648000000000e+09,-2.147483648000000000e+09,-2.147483648000000000e+09,-2.147483648000000000e+09,-2.147483648000000000e+09,-2.147483648000000000e+09,-2.147483648000000000e+09,-2.147483648000000000e+09,-2.147483648000000000e+09,-2.147483648000000000e+09,-2.147483648000000000e+09,-2.147483648000000000e+09,-2.147483648000000000e+09,-2.147483648000000000e+09,-2.147483648000000000e+09,-2.147483648000000000e+09,-2.147483648000000000e+09,-2.147483648000000000e+09,-2.147483648000000000e+09,-2.147483648000000000e+09,-2.147483648000000000e+09,-2.147483648000000000e+09,-2.147483648000000000e+09
-2.147483648000000000e+09,1.249522000000000000e+07,-2.147483648000000000e+09,-2.147483648000000000e+09,-2.147483648000000000e+09,-2.147483648000000000e+09,-2.147483648000000000e+09,-2.147483648000000000e+09,-2.147483648000000000e+09,-2.147483648000000000e+09,-2.147483648000000000e+09,-2.147483648000000000e+09,-2.147483648000000000e+09,-2.147483648000000000e+09,-2.147483648000000000e+09,-2.147483648000000000e+09,-2.147483648000000000e+09,-2.147483648000000000e+09,-2.147483648000000000e+09,-2.147483648000000000e+09,-2.147483648000000000e+09,-2.147483648000000000e+09,-2.147483648000000000e+09,-2.147483648000000000e+09,-2.147483648000000000e+09,-2.147483648000000000e+09,-2.147483648000000000e+09,-2.147483648000000000e+09,-2.147483648000000000e+09,-2.147483648000000000e+09,-2.147483648000000000e+09,-2.147483648000000000e+09,-2.147483648000000000e+09,-2.147483648000000000e+09,-2.147483648000000000e+09,-2.147483648000000000e+09,-2.147483648000000000e+09,-2.147483648000000000e+09,-2.147483648000000000e+09,-2.147483648000000000e+09,-2.147483648000000000e+09,-2.147483648000000000e+09,-2.147483648000000000e+09,-2.147483648000000000e+09,-2.147483648000000000e+09,-2.147483648000000000e+09,-2.147483648000000000e+09,-2.147483648000000000e+09,-2.147483648000000000e+09,-2.147483648000000000e+09,-2.147483648000000000e+09,-2.147483648000000000e+09,-2.147483648000000000e+09,-2.147483648000000000e+09,-2.147483648000000000e+09,-2.147483648000000000e+09,-2.147483648000000000e+09,-2.147483648000000000e+09,-2.147483648000000000e+09,-2.147483648000000000e+09,-2.147483648000000000e+09,-2.147483648000000000e+09,-2.147483648000000000e+09,-2.147483648000000000e+09,-2.147483648000000000e+09,-2.147483648000000000e+09,-2.147483648000000000e+09,-2.147483648000000000e+09,-2.147483648000000000e+09,-2.147483648000000000e+09,-2.147483648000000000e+09,-2.147483648000000000e+09,-2.147483648000000000e+09,-2.147483648000000000e+09,-2.147483648000000000e+09,-2.147483648000000000e+09,-2.147483648000000000e+09,-2.147483648000000000e+09,-2.147483648000000000e+09,-2.147483648000000000e+09,-2.147483648000000000e+09,-2.147483648000000000e+09,-2.147483648000000000e+09,-2.147483648000000000e+09,-2.147483648000000000e+09,-2.147483648000000000e+09,-2.147483648000000000e+09,-2.147483648000000000e+09,-2.147483648000000000e+09,-2.147483648000000000e+09,-2.147483648000000000e+09,-2.147483648000000000e+09,-2.147483648000000000e+09,-2.147483648000000000e+09,-2.147483648000000000e+09,-2.147483648000000000e+09
