-2.147483648000000000e+09,-2.147483648000000000e+09,-2.147483648000000000e+09,-2.147483648000000000e+09,-2.147483648000000000e+09,-2.147483648000000000e+09,-2.147483648000000000e+09,-2.147483648000000000e+09,-2.147483648000000000e+09,-2.147483648000000000e+09,-2.147483648000000000e+09,-2.147483648000000000e+09,-2.147483648000000000e+09,-2.147483648000000000e+09,-2.147483648000000000e+09,-2.147483648000000000e+09,-2.147483648000000000e+09,-2.147483648000000000e+09,-2.147483648000000000e+09,-2.147483648000000000e+09,-2.147483648000000000e+09,-2.147483648000000000e+09,-2.147483648000000000e+09,-2.147483648000000000e+09,-2.147483648000000000e+09,-2.147483648000000000e+09,-2.147483648000000000e+09,-2.147483648000000000e+09,-2.147483648000000000e+09,-2.147483648000000000e+09,-2.147483648000000000e+09,-2.147483648000000000e+09,-2.147483648000000000e+09,-2.147483648000000000e+09,-2.147483648000000000e+09,-2.147483648000000000e+09,-2.147483648000000000e+09,-2.147483648000000000e+09,-2.147483648000000000e+09,-2.147483648000000000e+09,-2.147483648000000000e+09,7.865748000000000000e+06,7.865749000000000000e+06,7.865750000000000000e+06,7.865751000000000000e+06,7.865752000000000000e+06,7.865753000000000000e+06,7.865754000000000000e+06,7.865755000000000000e+06,7.865756000000000000e+06,7.865757000000000000e+06,7.865758000000000000e+06,7.865759000000000000e+06,7.865760000000000000e+06,7.865761000000000000e+06,7.865762000000000000e+06,7.865763000000000000e+06,7.865764000000000000e+06,7.865765000000000000e+06,7.865766000000000000e+06,7.865767000000000000e+06,7.865768000000000000e+06,7.865769000000000000e+06,7.865770000000000000e+06,7.865771000000000000e+06,7.865772000000000000e+06,7.865773000000000000e+06,7.865774000000000000e+06,7.865775000000000000e+06,7.865776000000000000e+06,7.865777000000000000e+06,7.865778000000000000e+06,7.865779000000000000e+06,7.865780000000000000e+06,7.865781000000000000e+06,7.865782000000000000e+06,7.865783000000000000e+06,7.865784000000000000e+06,7.865785000000000000e+06,7.865786000000000000e+06,7.865787000000000000e+06,7.865788000000000000e+06,7.865789000000000000e+06
-2.147483648000000000e+09,-2.147483648000000000e+09,-2.147483648000000000e+09,-2.147483648000000000e+09,-2.147483648000000000e+09,-2.147483648000000000e+09,-2.147483648000000000e+09,-2.147483648000000000e+09,-2.147483648000000000e+09,-2.147483648000000000e+09,-2.147483648000000000e+09,-2.147483648000000000e+09,-2.147483648000000000e+09,-2.147483648000000000e+09,-2.147483648000000000e+09,-2.147483648000000000e+09,-2.147483648000000000e+09,-2.147483648000000000e+09,-2.147483648000000000e+09,-2.147483648000000000e+09,-2.147483648000000000e+09,-2.147483648000000000e+09,-2.147483648000000000e+09,-2.147483648000000000e+09,-2.147483648000000000e+09,-2.147483648000000000e+09,-2.147483648000000000e+09,-2.147483648000000000e+09,-2.147483648000000000e+09,-2.147483648000000000e+09,-2.147483648000000000e+09,-2.147483648000000000e+09,-2.147483648000000000e+09,-2.147483648000000000e+09,-2.147483648000000000e+09,-2.147483648000000000e+09,-2.147483648000000000e+09,-2.147483648000000000e+09,-2.147483648000000000e+09,-2.147483648000000000e+09,7.872947000000000000e+06,7.872948000000000000e+06,7.872949000000000000e+06,7.872950000000000000e+06,7.872951000000000000e+06,7.872952000000000000e+06,7.872953000000000000e+06,7.872954000000000000e+06,7.872955000000000000e+06,7.872956000000000000e+06,7.872957000000000000e+06,7.872958000000000000e+06,7.872959000000000000e+06,7.872960000000000000e+06,7.872961000000000000e+06,7.872962000000000000e+06,7.872963000000000000e+06,7.872964000000000000e+06,7.872965000000000000e+06,7.872966000000000000e+06,7.872967000000000000e+06,7.872968000000000000e+06,7.872969000000000000e+06,7.872970000000000000e+06,7.872971000000000000e+06,7.872972000000000000e+06,7.872973000000000000e+06,7.872974000000000000e+06,7.872975000000000000e+06,7.872976000000000000e+06,7.872977000000000000e+06,7.872978000000000000e+06,7.872979000000000000e+06,7.872980000000000000e+06,7.872981000000000000e+06,7.872982000000000000e+06,7.872983000000000000e+06,7.872984000000000000e+06,7.872985000000000000e+06,7.872986000000000000e+06,7.872987000000000000e+06,-2.147483648000000000e+09,-2.147483648000000000e+09
-2.147483648000000000e+09,-2.147483648000000000e+09,-2.147483648000000000e+09,-2.147483648000000000e+09,-2.147483648000000000e+09,-2.147483648000000000e+09,-2.147483648000000000e+09,-2.147483648000000000e+09,-2.147483648000000000e+09,-2.147483648000000000e+09,-2.147483648000000000e+09,-2.147483648000000000e+09,-2.147483648000000000e+09,-2.147483648000000000e+09,-2.147483648000000000e+09,-2.147483648000000000e+09,-2.147483648000000000e+09,-2.147483648000000000e+09,-2.147483648000000000e+09,-2.147483648000000000e+09,-2.147483648000000000e+09,-2.147483648000000000e+09,-2.147483648000000000e+09,-2.147483648000000000e+09,-2.147483648000000000e+09,-2.147483648000000000e+09,-2.147483648000000000e+09,-2.147483648000000000e+09,-2.147483648000000000e+09,-2.147483648000000000e+09,-2.147483648000000000e+09,-2.147483648000000000e+09,-2.147483648000000000e+09,-2.147483648000000000e+09,-2.147483648000000000e+09,-2.147483648000000000e+09,-2.147483648000000000e+09,-2.147483648000000000e+09,-2.147483648000000000e+09,7.880146000000000000e+06,7.880147000000000000e+06,7.880148000000000000e+06,7.880149000000000000e+06,7.880150000000000000e+06,7.880151000000000000e+06,7.880152000000000000e+06,7.880153000000000000e+06,7.880154000000000000e+06,7.880155000000000000e+06,7.880156000000000000e+06,7.880157000000000000e+06,7.880158000000000000e+06,7.880159000000000000e+06,7.880160000000000000e+06,7.880161000000000000e+06,7.880162000000000000e+06,7.880163000000000000e+06,7.880164000000000000e+06,7.880165000000000000e+06,7.880166000000000000e+06,7.880167000000000000e+06,7.880168000000000000e+06,7.880169000000000000e+06,7.880170000000000000e+06,7.880171000000000000e+06,7.880172000000000000e+06,7.880173000000000000e+06,7.880174000000000000e+06,7.880175000000000000e+06,7.880176000000000000e+06,7.880177000000000000e+06,7.880178000000000000e+06,7.880179000000000000e+06,7.880180000000000000e+06,7.880181000000000000e+06,7.880182000000000000e+06,7.880183000000000000e+06,7.880184000000000000e+06,7.880185000000000000e+06,7.880186000000000000e+06,-2.147483648000000000e+09,-2.147483648000000000e+09,-2.147483648000000000e+09
-2.147483648000000000e+09,-2.147483648000000000e+09,-2.147483648000000000e+09,-2.147483648000000000e+09,-2.147483648000000000e+09,-2.147483648000000000e+09,-2.147483648000000000e+09,-2.147483648000000000e+09,-2.147483648000000000e+09,-2.147483648000000000e+09,-2.147483648000000000e+09,-2.147483648000000000e+09,-2.147483648000000000e+09,-2.147483648000000000e+09,-2.147483648000000000e+09,-2.147483648000000000e+09,-2.147483648000000000e+09,-2.147483648000000000e+09,-2.147483648000000000e+09,-2.147483648000000000e+09,-2.147483648000000000e+09,-2.147483648000000000e+09,-2.147483648000000000e+09,-2.147483648000000000e+09,-2.147483648000000000e+09,-2.147483648000000000e+09,-2.147483648000000000e+09,-2.147483648000000000e+09,-2.147483648000000000e+09,-2.147483648000000000e+09,-2.147483648000000000e+09,-2.147483648000000000e+09,-2.147483648000000000e+09,-2.147483648000000000e+09,-2.147483648000000000e+09,-2.147483648000000000e+09,-2.147483648000000000e+09,-2.147483648000000000e+09,7.887345000000000000e+06,7.887346000000000000e+06,7.887347000000000000e+06,7.887348000000000000e+06,7.887349000000000000e+06,7.887350000000000000e+06,7.887351000000000000e+06,7.887352000000000000e+06,7.887353000000000000e+06,7.887354000000000000e+06,7.887355000000000000e+06,7.887356000000000000e+06,7.887357000000000000e+06,7.887358000000000000e+06,7.887359000000000000e+06,7.887360000000000000e+06,7.887361000000000000e+06,7.887362000000000000e+06,7.887363000000000000e+06,7.887364000000000000e+06,7.887365000000000000e+06,7.887366000000000000e+06,7.887367000000000000e+06,7.887368000000000000e+06,7.887369000000000000e+06,7.887370000000000000e+06,7.887371000000000000e+06,7.887372000000000000e+06,7.887373000000000000e+06,7.887374000000000000e+06,7.887375000000000000e+06,7.887376000000000000e+06,7.887377000000000000e+06,7.887378000000000000e+06,7.887379000000000000e+06,7.887380000000000000e+06,7.887381000000000000e+06,7.887382000000000000e+06,7.887383000000000000e+06,7.887384000000000000e+06,7.887385000000000000e+06,-2.147483648000000000e+09,-2.147483648000000000e+09,-2.147483648000000000e+09,-2.147483648000000000e+09
-2.147483648000000000e+09,-2.147483648000000000e+09,-2.147483648000000000e+09,-2.147483648000000000e+09,-2.147483648000000000e+09,-2.147483648000000000e+09,-2.147483648000000000e+09,-2.147483648000000000e+09,-2.147483648000000000e+09,-2.147483648000000000e+09,-2.147483648000000000e+09,-2.147483648000000000e+09,-2.147483648000000000e+09,-2.147483648000000000e+09,-2.147483648000000000e+09,-2.147483648000000000e+09,-2.147483648000000000e+09,-2.147483648000000000e+09,-2.147483648000000000e+09,-2.147483648000000000e+09,-2.147483648000000000e+09,-2.147483648000000000e+09,-2.147483648000000000e+09,-2.147483648000000000e+09,-2.147483648000000000e+09,-2.147483648000000000e+09,-2.147483648000000000e+09,-2.147483648000000000e+09,-2.147483648000000000e+09,-2.147483648000000000e+09,-2.147483648000000000e+09,-2.147483648000000000e+09,-2.147483648000000000e+09,-2.147483648000000000e+09,-2.147483648000000000e+09,-2.147483648000000000e+09,7.894543000000000000e+06,7.894544000000000000e+06,7.894545000000000000e+06,7.894546000000000000e+06,7.894547000000000000e+06,7.894548000000000000e+06,7.894549000000000000e+06,7.894550000000000000e+06,7.894551000000000000e+06,7.894552000000000000e+06,7.894553000000000000e+06,7.894554000000000000e+06,7.894555000000000000e+06,7.894556000000000000e+06,7.894557000000000000e+06,7.894558000000000000e+06,7.894559000000000000e+06,7.894560000000000000e+06,7.894561000000000000e+06,7.894562000000000000e+06,7.894563000000000000e+06,7.894564000000000000e+06,7.894565000000000000e+06,7.894566000000000000e+06,7.894567000000000000e+06,7.894568000000000000e+06,7.894569000000000000e+06,7.894570000000000000e+06,7.894571000000000000e+06,7.894572000000000000e+06,7.894573000000000000e+06,7.894574000000000000e+06,7.894575000000000000e+06,7.894576000000000000e+06,7.894577000000000000e+06,7.894578000000000000e+06,7.894579000000000000e+06,7.894580000000000000e+06,7.894581000000000000e+06,7.894582000000000000e+06,7.894583000000000000e+06,7.894584000000000000e+06,-2.147483648000000000e+09,-2.147483648000000000e+09,-2.147483648000000000e+09,-2.147483648000000000e+09,-2.147483648000000000e+09
-2.147483648000000000e+09,-2.147483648000000000e+09,-2.147483648000000000e+09,-2.147483648000000000e+09,-2.147483648000000000e+09,-2.147483648000000000e+09,-2.147483648000000000e+09,-2.147483648000000000e+09,-2.147483648000000000e+09,-2.147483648000000000e+09,-2.147483648000000000e+09,-2.147483648000000000e+09,-2.147483648000000000e+09,-2.147483648000000000e+09,-2.147483648000000000e+09,-2.147483648000000000e+09,-2.147483648000000000e+09,-2.147483648000000000e+09,-2.147483648000000000e+09,-2.147483648000000000e+09,-2.147483648000000000e+09,-2.147483648000000000e+09,-2.147483648000000000e+09,-2.147483648000000000e+09,-2.147483648000000000e+09,-2.147483648000000000e+09,-2.147483648000000000e+09,-2.147483648000000000e+09,-2.147483648000000000e+09,-2.147483648000000000e+09,-2.147483648000000000e+09,-2.147483648000000000e+09,-2.147483648000000000e+09,-2.147483648000000000e+09,-2.147483648000000000e+09,7.901742000000000000e+06,7.901743000000000000e+06,7.901744000000000000e+06,7.901745000000000000e+06,7.901746000000000000e+06,7.901747000000000000e+06,7.901748000000000000e+06,7.901749000000000000e+06,7.901750000000000000e+06,7.901751000000000000e+06,7.901752000000000000e+06,7.901753000000000000e+06,7.901754000000000000e+06,7.901755000000000000e+06,7.901756000000000000e+06,7.901757000000000000e+06,7.901758000000000000e+06,7.901759000000000000e+06,7.901760000000000000e+06,7.901761000000000000e+06,7.901762000000000000e+06,7.901763000000000000e+06,7.901764000000000000e+06,7.901765000000000000e+06,7.901766000000000000e+06,7.901767000000000000e+06,7.901768000000000000e+06,7.901769000000000000e+06,7.901770000000000000e+06,7.901771000000000000e+06,7.901772000000000000e+06,7.901773000000000000e+06,7.901774000000000000e+06,7.901775000000000000e+06,7.901776000000000000e+06,7.901777000000000000e+06,7.901778000000000000e+06,7.901779000000000000e+06,7.901780000000000000e+06,7.901781000000000000e+06,7.901782000000000000e+06,7.901783000000000000e+06,-2.147483648000000000e+09,-2.147483648000000000e+09,-2.147483648000000000e+09,-2.147483648000000000e+09,-2.147483648000000000e+09,-2.147483648000000000e+09
-2.147483648000000000e+09,-2.147483648000000000e+09,-2.147483648000000000e+09,-2.147483648000000000e+09,-2.147483648000000000e+09,-2.147483648000000000e+09,-2.147483648000000000e+09,-2.147483648000000000e+09,-2.147483648000000000e+09,-2.147483648000000000e+09,-2.147483648000000000e+09,-2.147483648000000000e+09,-2.147483648000000000e+09,-2.147483648000000000e+09,-2.147483648000000000e+09,-2.147483648000000000e+09,-2.147483648000000000e+09,-2.147483648000000000e+09,-2.147483648000000000e+09,-2.147483648000000000e+09,-2.147483648000000000e+09,-2.147483648000000000e+09,-2.147483648000000000e+09,-2.147483648000000000e+09,-2.147483648000000000e+09,-2.147483648000000000e+09,-2.147483648000000000e+09,-2.147483648000000000e+09,-2.147483648000000000e+09,-2.147483648000000000e+09,-2.147483648000000000e+09,-2.147483648000000000e+09,-2.147483648000000000e+09,-2.147483648000000000e+09,7.908941000000000000e+06,7.908942000000000000e+06,7.908943000000000000e+06,7.908944000000000000e+06,7.908945000000000000e+06,7.908946000000000000e+06,7.908947000000000000e+06,7.908948000000000000e+06,7.908949000000000000e+06,7.908950000000000000e+06,7.908951000000000000e+06,7.908952000000000000e+06,7.908953000000000000e+06,7.908954000000000000e+06,7.908955000000000000e+06,7.908956000000000000e+06,7.908957000000000000e+06,7.908958000000000000e+06,7.908959000000000000e+06,7.908960000000000000e+06,7.908961000000000000e+06,7.908962000000000000e+06,7.908963000000000000e+06,7.908964000000000000e+06,7.908965000000000000e+06,7.908966000000000000e+06,7.908967000000000000e+06,7.908968000000000000e+06,7.908969000000000000e+06,7.908970000000000000e+06,7.908971000000000000e+06,7.908972000000000000e+06,7.908973000000000000e+06,7.908974000000000000e+06,7.908975000000000000e+06,7.908976000000000000e+06,7.908977000000000000e+06,7.908978000000000000e+06,7.908979000000000000e+06,7.908980000000000000e+06,7.908981000000000000e+06,7.908982000000000000e+06,-2.147483648000000000e+09,-2.147483648000000000e+09,-2.147483648000000000e+09,-2.147483648000000000e+09,-2.147483648000000000e+09,-2.147483648000000000e+09,-2.147483648000000000e+09
-2.147483648000000000e+09,-2.147483648000000000e+09,-2.147483648000000000e+09,-2.147483648000000000e+09,-2.147483648000000000e+09,-2.147483648000000000e+09,-2.147483648000000000e+09,-2.147483648000000000e+09,-2.147483648000000000e+09,-2.147483648000000000e+09,-2.147483648000000000e+09,-2.147483648000000000e+09,-2.147483648000000000e+09,-2.147483648000000000e+09,-2.147483648000000000e+09,-2.147483648000000000e+09,-2.147483648000000000e+09,-2.147483648000000000e+09,-2.147483648000000000e+09,-2.147483648000000000e+09,-2.147483648000000000e+09,-2.147483648000000000e+09,-2.147483648000000000e+09,-2.147483648000000000e+09,-2.147483648000000000e+09,-2.147483648000000000e+09,-2.147483648000000000e+09,-2.147483648000000000e+09,-2.147483648000000000e+09,-2.147483648000000000e+09,-2.147483648000000000e+09,-2.147483648000000000e+09,-2.147483648000000000e+09,7.916140000000000000e+06,7.916141000000000000e+06,7.916142000000000000e+06,7.916143000000000000e+06,7.916144000000000000e+06,7.916145000000000000e+06,7.916146000000000000e+06,7.916147000000000000e+06,7.916148000000000000e+06,7.916149000000000000e+06,7.916150000000000000e+06,7.916151000000000000e+06,7.916152000000000000e+06,7.916153000000000000e+06,7.916154000000000000e+06,7.916155000000000000e+06,7.916156000000000000e+06,7.916157000000000000e+06,7.916158000000000000e+06,7.916159000000000000e+06,7.916160000000000000e+06,7.916161000000000000e+06,7.916162000000000000e+06,7.916163000000000000e+06,7.916164000000000000e+06,7.916165000000000000e+06,7.916166000000000000e+06,7.916167000000000000e+06,7.916168000000000000e+06,7.916169000000000000e+06,7.916170000000000000e+06,7.916171000000000000e+06,7.916172000000000000e+06,7.916173000000000000e+06,7.916174000000000000e+06,7.916175000000000000e+06,7.916176000000000000e+06,7.916177000000000000e+06,7.916178000000000000e+06,7.916179000000000000e+06,7.916180000000000000e+06,7.916181000000000000e+06,-2.147483648000000000e+09,-2.147483648000000000e+09,-2.147483648000000000e+09,-2.147483648000000000e+09,-2.147483648000000000e+09,-2.147483648000000000e+09,-2.147483648000000000e+09,-2.147483648000000000e+09
-2.147483648000000000e+09,-2.147483648000000000e+09,-2.147483648000000000e+09,-2.147483648000000000e+09,-2.147483648000000000e+09,-2.147483648000000000e+09,-2.147483648000000000e+09,-2.147483648000000000e+09,-2.147483648000000000e+09,-2.147483648000000000e+09,-2.147483648000000000e+09,-2.147483648000000000e+09,-2.147483648000000000e+09,-2.147483648000000000e+09,-2.147483648000000000e+09,-2.147483648000000000e+09,-2.147483648000000000e+09,-2.147483648000000000e+09,-2.147483648000000000e+09,-2.147483648000000000e+09,-2.147483648000000000e+09,-2.147483648000000000e+09,-2.147483648000000000e+09,-2.147483648000000000e+09,-2.147483648000000000e+09,-2.147483648000000000e+09,-2.147483648000000000e+09,-2.147483648000000000e+09,-2.147483648000000000e+09,-2.147483648000000000e+09,-2.147483648000000000e+09,-2.147483648000000000e+09,7.923339000000000000e+06,7.923340000000000000e+06,7.923341000000000000e+06,7.923342000000000000e+06,7.923343000000000000e+06,7.923344000000000000e+06,7.923345000000000000e+06,7.923346000000000000e+06,7.923347000000000000e+06,7.923348000000000000e+06,7.923349000000000000e+06,7.923350000000000000e+06,7.923351000000000000e+06,7.923352000000000000e+06,7.923353000000000000e+06,7.923354000000000000e+06,7.923355000000000000e+06,7.923356000000000000e+06,7.923357000000000000e+06,7.923358000000000000e+06,7.923359000000000000e+06,7.923360000000000000e+06,7.923361000000000000e+06,7.923362000000000000e+06,7.923363000000000000e+06,7.923364000000000000e+06,7.923365000000000000e+06,7.923366000000000000e+06,7.923367000000000000e+06,7.923368000000000000e+06,7.923369000000000000e+06,7.923370000000000000e+06,7.923371000000000000e+06,7.923372000000000000e+06,7.923373000000000000e+06,7.923374000000000000e+06,7.923375000000000000e+06,7.923376000000000000e+06,7.923377000000000000e+06,7.923378000000000000e+06,7.923379000000000000e+06,7.923380000000000000e+06,-2.147483648000000000e+09,-2.147483648000000000e+09,-2.147483648000000000e+09,-2.147483648000000000e+09,-2.147483648000000000e+09,-2.147483648000000000e+09,-2.147483648000000000e+09,-2.147483648000000000e+09,-2.147483648000000000e+09
-2.147483648000000000e+09,-2.147483648000000000e+09,-2.147483648000000000e+09,-2.147483648000000000e+09,-2.147483648000000000e+09,-2.147483648000000000e+09,-2.147483648000000000e+09,-2.147483648000000000e+09,-2.147483648000000000e+09,-2.147483648000000000e+09,-2.147483648000000000e+09,-2.147483648000000000e+09,-2.147483648000000000e+09,-2.147483648000000000e+09,-2.147483648000000000e+09,-2.147483648000000000e+09,-2.147483648000000000e+09,-2.147483648000000000e+09,-2.147483648000000000e+09,-2.147483648000000000e+09,-2.147483648000000000e+09,-2.147483648000000000e+09,-2.147483648000000000e+09,-2.147483648000000000e+09,-2.147483648000000000e+09,-2.147483648000000000e+09,-2.147483648000000000e+09,-2.147483648000000000e+09,-2.147483648000000000e+09,-2.147483648000000000e+09,-2.147483648000000000e+09,7.930538000000000000e+06,7.930539000000000000e+06,7.930540000000000000e+06,7.930541000000000000e+06,7.930542000000000000e+06,7.930543000000000000e+06,7.930544000000000000e+06,7.930545000000000000e+06,7.930546000000000000e+06,7.930547000000000000e+06,7.930548000000000000e+06,7.930549000000000000e+06,7.930550000000000000e+06,7.930551000000000000e+06,7.930552000000000000e+06,7.930553000000000000e+06,7.930554000000000000e+06,7.930555000000000000e+06,7.930556000000000000e+06,7.930557000000000000e+06,7.930558000000000000e+06,7.930559000000000000e+06,7.930560000000000000e+06,7.930561000000000000e+06,7.930562000000000000e+06,7.930563000000000000e+06,7.930564000000000000e+06,7.930565000000000000e+06,7.930566000000000000e+06,7.930567000000000000e+06,7.930568000000000000e+06,7.930569000000000000e+06,7.930570000000000000e+06,7.930571000000000000e+06,7.930572000000000000e+06,7.930573000000000000e+06,7.930574000000000000e+06,7.930575000000000000e+06,7.930576000000000000e+06,7.930577000000000000e+06,7.930578000000000000e+06,7.930579000000000000e+06,-2.147483648000000000e+09,-2.147483648000000000e+09,-2.147483648000000000e+09,-2.147483648000000000e+09,-2.147483648000000000e+09,-2.147483648000000000e+09,-2.147483648000000000e+09,-2.147483648000000000e+09,-2.147483648000000000e+09,-2.147483648000000000e+09
-2.147483648000000000e+09,-2.147483648000000000e+09,-2.147483648000000000e+09,-2.147483648000000000e+09,-2.147483648000000000e+09,-2.147483648000000000e+09,-2.147483648000000000e+09,-2.147483648000000000e+09,-2.147483648000000000e+09,-2.147483648000000000e+09,-2.147483648000000000e+09,-2.147483648000000000e+09,-2.147483648000000000e+09,-2.147483648000000000e+09,-2.147483648000000000e+09,-2.147483648000000000e+09,-2.147483648000000000e+09,-2.147483648000000000e+09,-2.147483648000000000e+09,-2.147483648000000000e+09,-2.147483648000000000e+09,-2.147483648000000000e+09,-2.147483648000000000e+09,-2.147483648000000000e+09,-2.147483648000000000e+09,-2.147483648000000000e+09,-2.147483648000000000e+09,-2.147483648000000000e+09,-2.147483648000000000e+09,-2.147483648000000000e+09,7.937737000000000000e+06,7.937738000000000000e+06,7.937739000000000000e+06,7.937740000000000000e+06,7.937741000000000000e+06,7.937742000000000000e+06,7.937743000000000000e+06,7.937744000000000000e+06,7.937745000000000000e+06,7.937746000000000000e+06,7.937747000000000000e+06,7.937748000000000000e+06,7.937749000000000000e+06,7.937750000000000000e+06,7.937751000000000000e+06,7.937752000000000000e+06,7.937753000000000000e+06,7.937754000000000000e+06,7.937755000000000000e+06,7.937756000000000000e+06,7.937757000000000000e+06,7.937758000000000000e+06,7.937759000000000000e+06,7.937760000000000000e+06,7.937761000000000000e+06,7.937762000000000000e+06,7.937763000000000000e+06,7.937764000000000000e+06,7.937765000000000000e+06,7.937766000000000000e+06,7.937767000000000000e+06,7.937768000000000000e+06,7.937769000000000000e+06,7.937770000000000000e+06,7.937771000000000000e+06,7.937772000000000000e+06,7.937773000000000000e+06,7.937774000000000000e+06,7.937775000000000000e+06,7.937776000000000000e+06,7.937777000000000000e+06,7.937778000000000000e+06,-2.147483648000000000e+09,-2.147483648000000000e+09,-2.147483648000000000e+09,-2.147483648000000000e+09,-2.147483648000000000e+09,-2.147483648000000000e+09,-2.147483648000000000e+09,-2.147483648000000000e+09,-2.147483648000000000e+09,-2.147483648000000000e+09,-2.147483648000000000e+09
-2.147483648000000000e+09,-2.147483648000000000e+09,-2.147483648000000000e+09,-2.147483648000000000e+09,-2.147483648000000000e+09,-2.147483648000000000e+09,-2.147483648000000000e+09,-2.147483648000000000e+09,-2.147483648000000000e+09,-2.147483648000000000e+09,-2.147483648000000000e+09,-2.147483648000000000e+09,-2.147483648000000000e+09,-2.147483648000000000e+09,-2.147483648000000000e+09,-2.147483648000000000e+09,-2.147483648000000000e+09,-2.147483648000000000e+09,-2.147483648000000000e+09,-2.147483648000000000e+09,-2.147483648000000000e+09,-2.147483648000000000e+09,-2.147483648000000000e+09,-2.147483648000000000e+09,-2.147483648000000000e+09,-2.147483648000000000e+09,-2.147483648000000000e+09,-2.147483648000000000e+09,-2.147483648000000000e+09,7.944936000000000000e+06,7.944937000000000000e+06,7.944938000000000000e+06,7.944939000000000000e+06,7.944940000000000000e+06,7.944941000000000000e+06,7.944942000000000000e+06,7.944943000000000000e+06,7.944944000000000000e+06,7.944945000000000000e+06,7.944946000000000000e+06,7.944947000000000000e+06,7.944948000000000000e+06,7.944949000000000000e+06,7.944950000000000000e+06,7.944951000000000000e+06,7.944952000000000000e+06,7.944953000000000000e+06,7.944954000000000000e+06,7.944955000000000000e+06,7.944956000000000000e+06,7.944957000000000000e+06,7.944958000000000000e+06,7.944959000000000000e+06,7.944960000000000000e+06,7.944961000000000000e+06,7.944962000000000000e+06,7.944963000000000000e+06,7.944964000000000000e+06,7.944965000000000000e+06,7.944966000000000000e+06,7.944967000000000000e+06,7.944968000000000000e+06,7.944969000000000000e+06,7.944970000000000000e+06,7.944971000000000000e+06,7.944972000000000000e+06,7.944973000000000000e+06,7.944974000000000000e+06,7.944975000000000000e+06,7.944976000000000000e+06,7.944977000000000000e+06,-2.147483648000000000e+09,-2.147483648000000000e+09,-2.147483648000000000e+09,-2.147483648000000000e+09,-2.147483648000000000e+09,-2.147483648000000000e+09,-2.147483648000000000e+09,-2.147483648000000000e+09,-2.147483648000000000e+09,-2.147483648000000000e+09,-2.147483648000000000e+09,-2.147483648000000000e+09
-2.147483648000000000e+09,-2.147483648000000000e+09,-2.147483648000000000e+09,-2.147483648000000000e+09,-2.147483648000000000e+09,-2.147483648000000000e+09,-2.147483648000000000e+09,-2.147483648000000000e+09,-2.147483648000000000e+09,-2.147483648000000000e+09,-2.147483648000000000e+09,-2.147483648000000000e+09,-2.147483648000000000e+09,-2.147483648000000000e+09,-2.147483648000000000e+09,-2.147483648000000000e+09,-2.147483648000000000e+09,-2.147483648000000000e+09,-2.147483648000000000e+09,-2.147483648000000000e+09,-2.147483648000000000e+09,-2.147483648000000000e+09,-2.147483648000000000e+09,-2.147483648000000000e+09,-2.147483648000000000e+09,-2.147483648000000000e+09,-2.147483648000000000e+09,-2.147483648000000000e+09,7.952135000000000000e+06,7.952136000000000000e+06,7.952137000000000000e+06,7.952138000000000000e+06,7.952139000000000000e+06,7.952140000000000000e+06,7.952141000000000000e+06,7.952142000000000000e+06,7.952143000000000000e+06,7.952144000000000000e+06,7.952145000000000000e+06,7.952146000000000000e+06,7.952147000000000000e+06,7.952148000000000000e+06,7.952149000000000000e+06,7.952150000000000000e+06,7.952151000000000000e+06,7.952152000000000000e+06,7.952153000000000000e+06,7.952154000000000000e+06,7.952155000000000000e+06,7.952156000000000000e+06,7.952157000000000000e+06,7.952158000000000000e+06,7.952159000000000000e+06,7.952160000000000000e+06,7.952161000000000000e+06,7.952162000000000000e+06,7.952163000000000000e+06,7.952164000000000000e+06,7.952165000000000000e+06,7.952166000000000000e+06,7.952167000000000000e+06,7.952168000000000000e+06,7.952169000000000000e+06,7.952170000000000000e+06,7.952171000000000000e+06,7.952172000000000000e+06,7.952173000000000000e+06,7.952174000000000000e+06,7.952175000000000000e+06,7.952176000000000000e+06,-2.147483648000000000e+09,-2.147483648000000000e+09,-2.147483648000000000e+09,-2.147483648000000000e+09,-2.147483648000000000e+09,-2.147483648000000000e+09,-2.147483648000000000e+09,-2.147483648000000000e+09,-2.147483648000000000e+09,-2.147483648000000000e+09,-2.147483648000000000e+09,-2.147483648000000000e+09,-2.147483648000000000e+09
-2.147483648000000000e+09,-2.147483648000000000e+09,-2.147483648000000000e+09,-2.147483648000000000e+09,-2.147483648000000000e+09,-2.147483648000000000e+09,-2.147483648000000000e+09,-2.147483648000000000e+09,-2.147483648000000000e+09,-2.147483648000000000e+09,-2.147483648000000000e+09,-2.147483648000000000e+09,-2.147483648000000000e+09,-2.147483648000000000e+09,-2.147483648000000000e+09,-2.147483648000000000e+09,-2.147483648000000000e+09,-2.147483648000000000e+09,-2.147483648000000000e+09,-2.147483648000000000e+09,-2.147483648000000000e+09,-2.147483648000000000e+09,-2.147483648000000000e+09,-2.147483648000000000e+09,-2.147483648000000000e+09,-2.147483648000000000e+09,-2.147483648000000000e+09,7.959334000000000000e+06,7.959335000000000000e+06,7.959336000000000000e+06,7.959337000000000000e+06,7.959338000000000000e+06,7.959339000000000000e+06,7.959340000000000000e+06,7.959341000000000000e+06,7.959342000000000000e+06,7.959343000000000000e+06,7.959344000000000000e+06,7.959345000000000000e+06,7.959346000000000000e+06,7.959347000000000000e+06,7.959348000000000000e+06,7.959349000000000000e+06,7.959350000000000000e+06,7.959351000000000000e+06,7.959352000000000000e+06,7.959353000000000000e+06,7.959354000000000000e+06,7.959355000000000000e+06,7.959356000000000000e+06,7.959357000000000000e+06,7.959358000000000000e+06,7.959359000000000000e+06,7.959360000000000000e+06,7.959361000000000000e+06,7.959362000000000000e+06,7.959363000000000000e+06,7.959364000000000000e+06,7.959365000000000000e+06,7.959366000000000000e+06,7.959367000000000000e+06,7.959368000000000000e+06,7.959369000000000000e+06,7.959370000000000000e+06,7.959371000000000000e+06,7.959372000000000000e+06,7.959373000000000000e+06,7.959374000000000000e+06,7.959375000000000000e+06,-2.147483648000000000e+09,-2.147483648000000000e+09,-2.147483648000000000e+09,-2.147483648000000000e+09,-2.147483648000000000e+09,-2.147483648000000000e+09,-2.147483648000000000e+09,-2.147483648000000000e+09,-2.147483648000000000e+09,-2.147483648000000000e+09,-2.147483648000000000e+09,-2.147483648000000000e+09,-2.147483648000000000e+09,-2.147483648000000000e+09
-2.147483648000000000e+09,-2.147483648000000000e+09,-2.147483648000000000e+09,-2.147483648000000000e+09,-2.147483648000000000e+09,-2.147483648000000000e+09,-2.147483648000000000e+09,-2.147483648000000000e+09,-2.147483648000000000e+09,-2.147483648000000000e+09,-2.147483648000000000e+09,-2.147483648000000000e+09,-2.147483648000000000e+09,-2.147483648000000000e+09,-2.147483648000000000e+09,-2.147483648000000000e+09,-2.147483648000000000e+09,-2.147483648000000000e+09,-2.147483648000000000e+09,-2.147483648000000000e+09,-2.147483648000000000e+09,-2.147483648000000000e+09,-2.147483648000000000e+09,-2.147483648000000000e+09,-2.147483648000000000e+09,-2.147483648000000000e+09,7.966533000000000000e+06,7.966534000000000000e+06,7.966535000000000000e+06,7.966536000000000000e+06,7.966537000000000000e+06,7.966538000000000000e+06,7.966539000000000000e+06,7.966540000000000000e+06,7.966541000000000000e+06,7.966542000000000000e+06,7.966543000000000000e+06,7.966544000000000000e+06,7.966545000000000000e+06,7.966546000000000000e+06,7.966547000000000000e+06,7.966548000000000000e+06,7.966549000000000000e+06,7.966550000000000000e+06,7.966551000000000000e+06,7.966552000000000000e+06,7.966553000000000000e+06,7.966554000000000000e+06,7.966555000000000000e+06,7.966556000000000000e+06,7.966557000000000000e+06,7.966558000000000000e+06,7.966559000000000000e+06,7.966560000000000000e+06,7.966561000000000000e+06,7.966562000000000000e+06,7.966563000000000000e+06,7.966564000000000000e+06,7.966565000000000000e+06,7.966566000000000000e+06,7.966567000000000000e+06,7.966568000000000000e+06,7.966569000000000000e+06,7.966570000000000000e+06,7.966571000000000000e+06,7.966572000000000000e+06,7.966573000000000000e+06,7.966574000000000000e+06,-2.147483648000000000e+09,-2.147483648000000000e+09,-2.147483648000000000e+09,-2.147483648000000000e+09,-2.147483648000000000e+09,-2.147483648000000000e+09,-2.147483648000000000e+09,-2.147483648000000000e+09,-2.147483648000000000e+09,-2.147483648000000000e+09,-2.147483648000000000e+09,-2.147483648000000000e+09,-2.147483648000000000e+09,-2.147483648000000000e+09,-2.147483648000000000e+09
-2.147483648000000000e+09,-2.147483648000000000e+09,-2.147483648000000000e+09,-2.147483648000000000e+09,-2.147483648000000000e+09,-2.147483648000000000e+09,-2.147483648000000000e+09,-2.147483648000000000e+09,-2.147483648000000000e+09,-2.147483648000000000e+09,-2.147483648000000000e+09,-2.147483648000000000e+09,-2.147483648000000000e+09,-2.147483648000000000e+09,-2.147483648000000000e+09,-2.147483648000000000e+09,-2.147483648000000000e+09,-2.147483648000000000e+09,-2.147483648000000000e+09,-2.147483648000000000e+09,-2.147483648000000000e+09,-2.147483648000000000e+09,-2.147483648000000000e+09,-2.147483648000000000e+09,-2.147483648000000000e+09,7.966532000000000000e+06,7.966533000000000000e+06,7.966534000000000000e+06,7.966535000000000000e+06,7.966536000000000000e+06,7.966537000000000000e+06,7.966538000000000000e+06,7.966539000000000000e+06,7.966540000000000000e+06,7.966541000000000000e+06,7.966542000000000000e+06,7.966543000000000000e+06,7.966544000000000000e+06,7.966545000000000000e+06,7.966546000000000000e+06,7.966547000000000000e+06,7.966548000000000000e+06,7.966549000000000000e+06,7.966550000000000000e+06,7.966551000000000000e+06,7.966552000000000000e+06,7.966553000000000000e+06,7.966554000000000000e+06,7.966555000000000000e+06,7.966556000000000000e+06,7.966557000000000000e+06,7.966558000000000000e+06,7.966559000000000000e+06,7.966560000000000000e+06,7.966561000000000000e+06,7.966562000000000000e+06,7.966563000000000000e+06,7.966564000000000000e+06,7.966565000000000000e+06,7.966566000000000000e+06,7.966567000000000000e+06,7.966568000000000000e+06,7.966569000000000000e+06,7.966570000000000000e+06,7.966571000000000000e+06,7.966572000000000000e+06,-2.147483648000000000e+09,-2.147483648000000000e+09,-2.147483648000000000e+09,-2.147483648000000000e+09,-2.147483648000000000e+09,-2.147483648000000000e+09,-2.147483648000000000e+09,-2.147483648000000000e+09,-2.147483648000000000e+09,-2.147483648000000000e+09,-2.147483648000000000e+09,-2.147483648000000000e+09,-2.147483648000000000e+09,-2.147483648000000000e+09,-2.147483648000000000e+09,-2.147483648000000000e+09,-2.147483648000000000e+09
-2.147483648000000000e+09,-2.147483648000000000e+09,-2.147483648000000000e+09,-2.147483648000000000e+09,-2.147483648000000000e+09,-2.147483648000000000e+09,-2.147483648000000000e+09,-2.147483648000000000e+09,-2.147483648000000000e+09,-2.147483648000000000e+09,-2.147483648000000000e+09,-2.147483648000000000e+09,-2.147483648000000000e+09,-2.147483648000000000e+09,-2.147483648000000000e+09,-2.147483648000000000e+09,-2.147483648000000000e+09,-2.147483648000000000e+09,-2.147483648000000000e+09,-2.147483648000000000e+09,-2.147483648000000000e+09,-2.147483648000000000e+09,-2.147483648000000000e+09,7.973730000000000000e+06,7.973731000000000000e+06,7.973732000000000000e+06,7.973733000000000000e+06,7.973734000000000000e+06,7.973735000000000000e+06,7.973736000000000000e+06,7.973737000000000000e+06,7.973738000000000000e+06,7.973739000000000000e+06,7.973740000000000000e+06,7.973741000000000000e+06,7.973742000000000000e+06,7.973743000000000000e+06,7.973744000000000000e+06,7.973745000000000000e+06,7.973746000000000000e+06,7.973747000000000000e+06,7.973748000000000000e+06,7.973749000000000000e+06,7.973750000000000000e+06,7.973751000000000000e+06,7.973752000000000000e+06,7.973753000000000000e+06,7.973754000000000000e+06,7.973755000000000000e+06,7.973756000000000000e+06,7.973757000000000000e+06,7.973758000000000000e+06,7.973759000000000000e+06,7.973760000000000000e+06,7.973761000000000000e+06,7.973762000000000000e+06,7.973763000000000000e+06,7.973764000000000000e+06,7.973765000000000000e+06,7.973766000000000000e+06,7.973767000000000000e+06,7.973768000000000000e+06,7.973769000000000000e+06,7.973770000000000000e+06,7.973771000000000000e+06,-2.147483648000000000e+09,-2.147483648000000000e+09,-2.147483648000000000e+09,-2.147483648000000000e+09,-2.147483648000000000e+09,-2.147483648000000000e+09,-2.147483648000000000e+09,-2.147483648000000000e+09,-2.147483648000000000e+09,-2.147483648000000000e+09,-2.147483648000000000e+09,-2.147483648000000000e+09,-2.147483648000000000e+09,-2.147483648000000000e+09,-2.147483648000000000e+09,-2.147483648000000000e+09,-2.147483648000000000e+09,-2.147483648000000000e+09
-2.147483648000000000e+09,-2.147483648000000000e+09,-2.147483648000000000e+09,-2.147483648000000000e+09,-2.147483648000000000e+09,-2.147483648000000000e+09,-2.147483648000000000e+09,-2.147483648000000000e+09,-2.147483648000000000e+09,-2.147483648000000000e+09,-2.147483648000000000e+09,-2.147483648000000000e+09,-2.147483648000000000e+09,-2.147483648000000000e+09,-2.147483648000000000e+09,-2.147483648000000000e+09,-2.147483648000000000e+09,-2.147483648000000000e+09,-2.147483648000000000e+09,-2.147483648000000000e+09,-2.147483648000000000e+09,-2.147483648000000000e+09,7.980929000000000000e+06,7.980930000000000000e+06,7.980931000000000000e+06,7.980932000000000000e+06,7.980933000000000000e+06,7.980934000000000000e+06,7.980935000000000000e+06,7.980936000000000000e+06,7.980937000000000000e+06,7.980938000000000000e+06,7.980939000000000000e+06,7.980940000000000000e+06,7.980941000000000000e+06,7.980942000000000000e+06,7.980943000000000000e+06,7.980944000000000000e+06,7.980945000000000000e+06,7.980946000000000000e+06,7.980947000000000000e+06,7.980948000000000000e+06,7.980949000000000000e+06,7.980950000000000000e+06,7.980951000000000000e+06,7.980952000000000000e+06,7.980953000000000000e+06,7.980954000000000000e+06,7.980955000000000000e+06,7.980956000000000000e+06,7.980957000000000000e+06,7.980958000000000000e+06,7.980959000000000000e+06,7.980960000000000000e+06,7.980961000000000000e+06,7.980962000000000000e+06,7.980963000000000000e+06,7.980964000000000000e+06,7.980965000000000000e+06,7.980966000000000000e+06,7.980967000000000000e+06,7.980968000000000000e+06,7.980969000000000000e+06,7.980970000000000000e+06,-2.147483648000000000e+09,-2.147483648000000000e+09,-2.147483648000000000e+09,-2.147483648000000000e+09,-2.147483648000000000e+09,-2.147483648000000000e+09,-2.147483648000000000e+09,-2.147483648000000000e+09,-2.147483648000000000e+09,-2.147483648000000000e+09,-2.147483648000000000e+09,-2.147483648000000000e+09,-2.147483648000000000e+09,-2.147483648000000000e+09,-2.147483648000000000e+09,-2.147483648000000000e+09,-2.147483648000000000e+09,-2.147483648000000000e+09,-2.147483648000000000e+09
-2.147483648000000000e+09,-2.147483648000000000e+09,-2.147483648000000000e+09,-2.147483648000000000e+09,-2.147483648000000000e+09,-2.147483648000000000e+09,-2.147483648000000000e+09,-2.147483648000000000e+09,-2.147483648000000000e+09,-2.147483648000000000e+09,-2.147483648000000000e+09,-2.147483648000000000e+09,-2.147483648000000000e+09,-2.147483648000000000e+09,-2.147483648000000000e+09,-2.147483648000000000e+09,-2.147483648000000000e+09,-2.147483648000000000e+09,-2.147483648000000000e+09,-2.147483648000000000e+09,-2.147483648000000000e+09,7.988128000000000000e+06,7.988129000000000000e+06,7.988130000000000000e+06,7.988131000000000000e+06,7.988132000000000000e+06,7.988133000000000000e+06,7.988134000000000000e+06,7.988135000000000000e+06,7.988136000000000000e+06,7.988137000000000000e+06,7.988138000000000000e+06,7.988139000000000000e+06,7.988140000000000000e+06,7.988141000000000000e+06,7.988142000000000000e+06,7.988143000000000000e+06,7.988144000000000000e+06,7.988145000000000000e+06,7.988146000000000000e+06,7.988147000000000000e+06,7.988148000000000000e+06,7.988149000000000000e+06,7.988150000000000000e+06,7.988151000000000000e+06,7.988152000000000000e+06,7.988153000000000000e+06,7.988154000000000000e+06,7.988155000000000000e+06,7.988156000000000000e+06,7.988157000000000000e+06,7.988158000000000000e+06,7.988159000000000000e+06,7.988160000000000000e+06,7.988161000000000000e+06,7.988162000000000000e+06,7.988163000000000000e+06,7.988164000000000000e+06,7.988165000000000000e+06,7.988166000000000000e+06,7.988167000000000000e+06,7.988168000000000000e+06,7.988169000000000000e+06,-2.147483648000000000e+09,-2.147483648000000000e+09,-2.147483648000000000e+09,-2.147483648000000000e+09,-2.147483648000000000e+09,-2.147483648000000000e+09,-2.147483648000000000e+09,-2.147483648000000000e+09,-2.147483648000000000e+09,-2.147483648000000000e+09,-2.147483648000000000e+09,-2.147483648000000000e+09,-2.147483648000000000e+09,-2.147483648000000000e+09,-2.147483648000000000e+09,-2.147483648000000000e+09,-2.147483648000000000e+09,-2.147483648000000000e+09,-2.147483648000000000e+09,-2.147483648000000000e+09
-2.147483648000000000e+09,-2.147483648000000000e+09,-2.147483648000000000e+09,-2.147483648000000000e+09,-2.147483648000000000e+09,-2.147483648000000000e+09,-2.147483648000000000e+09,-2.147483648000000000e+09,-2.147483648000000000e+09,-2.147483648000000000e+09,-2.147483648000000000e+09,-2.147483648000000000e+09,-2.147483648000000000e+09,-2.147483648000000000e+09,-2.147483648000000000e+09,-2.147483648000000000e+09,-2.147483648000000000e+09,-2.147483648000000000e+09,-2.147483648000000000e+09,-2.147483648000000000e+09,7.995327000000000000e+06,7.995328000000000000e+06,7.995329000000000000e+06,7.995330000000000000e+06,7.995331000000000000e+06,7.995332000000000000e+06,7.995333000000000000e+06,7.995334000000000000e+06,7.995335000000000000e+06,7.995336000000000000e+06,7.995337000000000000e+06,7.995338000000000000e+06,7.995339000000000000e+06,7.995340000000000000e+06,7.995341000000000000e+06,7.995342000000000000e+06,7.995343000000000000e+06,7.995344000000000000e+06,7.995345000000000000e+06,7.995346000000000000e+06,7.995347000000000000e+06,7.995348000000000000e+06,7.995349000000000000e+06,7.995350000000000000e+06,7.995351000000000000e+06,7.995352000000000000e+06,7.995353000000000000e+06,7.995354000000000000e+06,7.995355000000000000e+06,7.995356000000000000e+06,7.995357000000000000e+06,7.995358000000000000e+06,7.995359000000000000e+06,7.995360000000000000e+06,7.995361000000000000e+06,7.995362000000000000e+06,7.995363000000000000e+06,7.995364000000000000e+06,7.995365000000000000e+06,7.995366000000000000e+06,7.995367000000000000e+06,7.995368000000000000e+06,-2.147483648000000000e+09,-2.147483648000000000e+09,-2.147483648000000000e+09,-2.147483648000000000e+09,-2.147483648000000000e+09,-2.147483648000000000e+09,-2.147483648000000000e+09,-2.147483648000000000e+09,-2.147483648000000000e+09,-2.147483648000000000e+09,-2.147483648000000000e+09,-2.147483648000000000e+09,-2.147483648000000000e+09,-2.147483648000000000e+09,-2.147483648000000000e+09,-2.147483648000000000e+09,-2.147483648000000000e+09,-2.147483648000000000e+09,-2.147483648000000000e+09,-2.147483648000000000e+09,-2.147483648000000000e+09
-2.147483648000000000e+09,-2.147483648000000000e+09,-2.147483648000000000e+09,-2.147483648000000000e+09,-2.147483648000000000e+09,-2.147483648000000000e+09,-2.147483648000000000e+09,-2.147483648000000000e+09,-2.147483648000000000e+09,-2.147483648000000000e+09,-2.147483648000000000e+09,-2.147483648000000000e+09,-2.147483648000000000e+09,-2.147483648000000000e+09,-2.147483648000000000e+09,-2.147483648000000000e+09,-2.147483648000000000e+09,-2.147483648000000000e+09,-2.147483648000000000e+09,8.002527000000000000e+06,8.002527000000000000e+06,8.002528000000000000e+06,8.002529000000000000e+06,8.002530000000000000e+06,8.002531000000000000e+06,8.002532000000000000e+06,8.002533000000000000e+06,8.002534000000000000e+06,8.002535000000000000e+06,8.002536000000000000e+06,8.002537000000000000e+06,8.002538000000000000e+06,8.002539000000000000e+06,8.002540000000000000e+06,8.002541000000000000e+06,8.002542000000000000e+06,8.002543000000000000e+06,8.002544000000000000e+06,8.002545000000000000e+06,8.002546000000000000e+06,8.002547000000000000e+06,8.002548000000000000e+06,8.002549000000000000e+06,8.002550000000000000e+06,8.002551000000000000e+06,8.002552000000000000e+06,8.002553000000000000e+06,8.002554000000000000e+06,8.002555000000000000e+06,8.002556000000000000e+06,8.002557000000000000e+06,8.002558000000000000e+06,8.002559000000000000e+06,8.002560000000000000e+06,8.002561000000000000e+06,8.002562000000000000e+06,8.002563000000000000e+06,8.002564000000000000e+06,8.002565000000000000e+06,8.002566000000000000e+06,8.002567000000000000e+06,-2.147483648000000000e+09,-2.147483648000000000e+09,-2.147483648000000000e+09,-2.147483648000000000e+09,-2.147483648000000000e+09,-2.147483648000000000e+09,-2.147483648000000000e+09,-2.147483648000000000e+09,-2.147483648000000000e+09,-2.147483648000000000e+09,-2.147483648000000000e+09,-2.147483648000000000e+09,-2.147483648000000000e+09,-2.147483648000000000e+09,-2.147483648000000000e+09,-2.147483648000000000e+09,-2.147483648000000000e+09,-2.147483648000000000e+09,-2.147483648000000000e+09,-2.147483648000000000e+09,-2.147483648000000000e+09,-2.147483648000000000e+09
-2.147483648000000000e+09,-2.147483648000000000e+09,-2.147483648000000000e+09,-2.147483648000000000e+09,-2.147483648000000000e+09,-2.147483648000000000e+09,-2.147483648000000000e+09,-2.147483648000000000e+09,-2.147483648000000000e+09,-2.147483648000000000e+09,-2.147483648000000000e+09,-2.147483648000000000e+09,-2.147483648000000000e+09,-2.147483648000000000e+09,-2.147483648000000000e+09,-2.147483648000000000e+09,-2.147483648000000000e+09,-2.147483648000000000e+09,-2.147483648000000000e+09,8.009727000000000000e+06,8.009727000000000000e+06,8.009728000000000000e+06,8.009729000000000000e+06,8.009730000000000000e+06,8.009731000000000000e+06,8.009732000000000000e+06,8.009733000000000000e+06,8.009734000000000000e+06,8.009735000000000000e+06,8.009736000000000000e+06,8.009737000000000000e+06,8.009738000000000000e+06,8.009739000000000000e+06,8.009740000000000000e+06,8.009741000000000000e+06,8.009742000000000000e+06,8.009743000000000000e+06,8.009744000000000000e+06,8.009745000000000000e+06,8.009746000000000000e+06,8.009747000000000000e+06,8.009748000000000000e+06,8.009749000000000000e+06,8.009750000000000000e+06,8.009751000000000000e+06,8.009752000000000000e+06,8.009753000000000000e+06,8.009754000000000000e+06,8.009755000000000000e+06,8.009756000000000000e+06,8.009757000000000000e+06,8.009758000000000000e+06,8.009759000000000000e+06,8.009760000000000000e+06,8.009761000000000000e+06,8.009762000000000000e+06,8.009763000000000000e+06,8.009764000000000000e+06,8.009765000000000000e+06,8.009766000000000000e+06,8.009767000000000000e+06,-2.147483648000000000e+09,-2.147483648000000000e+09,-2.147483648000000000e+09,-2.147483648000000000e+09,-2.147483648000000000e+09,-2.147483648000000000e+09,-2.147483648000000000e+09,-2.147483648000000000e+09,-2.147483648000000000e+09,-2.147483648000000000e+09,-2.147483648000000000e+09,-2.147483648000000000e+09,-2.147483648000000000e+09,-2.147483648000000000e+09,-2.147483648000000000e+09,-2.147483648000000000e+09,-2.147483648000000000e+09,-2.147483648000000000e+09,-2.147483648000000000e+09,-2.147483648000000000e+09,-2.147483648000000000e+09,-2.147483648000000000e+09
-2.147483648000000000e+09,-2.147483648000000000e+09,-2.147483648000000000e+09,-2.147483648000000000e+09,-2.147483648000000000e+09,-2.147483648000000000e+09,-2.147483648000000000e+09,-2.147483648000000000e+09,-2.147483648000000000e+09,-2.147483648000000000e+09,-2.147483648000000000e+09,-2.147483648000000000e+09,-2.147483648000000000e+09,-2.147483648000000000e+09,-2.147483648000000000e+09,-2.147483648000000000e+09,-2.147483648000000000e+09,-2.147483648000000000e+09,8.016926000000000000e+06,8.016927000000000000e+06,8.016927000000000000e+06,8.016928000000000000e+06,8.016929000000000000e+06,8.016930000000000000e+06,8.016931000000000000e+06,8.016932000000000000e+06,8.016933000000000000e+06,8.016934000000000000e+06,8.016935000000000000e+06,8.016936000000000000e+06,8.016937000000000000e+06,8.016938000000000000e+06,8.016939000000000000e+06,8.016940000000000000e+06,8.016941000000000000e+06,8.016942000000000000e+06,8.016943000000000000e+06,8.016944000000000000e+06,8.016945000000000000e+06,8.016946000000000000e+06,8.016947000000000000e+06,8.016948000000000000e+06,8.016949000000000000e+06,8.016950000000000000e+06,8.016951000000000000e+06,8.016952000000000000e+06,8.016953000000000000e+06,8.016954000000000000e+06,8.016955000000000000e+06,8.016956000000000000e+06,8.016957000000000000e+06,8.016958000000000000e+06,8.016959000000000000e+06,8.016960000000000000e+06,8.016961000000000000e+06,8.016962000000000000e+06,8.016963000000000000e+06,8.016964000000000000e+06,8.016965000000000000e+06,8.016966000000000000e+06,-2.147483648000000000e+09,-2.147483648000000000e+09,-2.147483648000000000e+09,-2.147483648000000000e+09,-2.147483648000000000e+09,-2.147483648000000000e+09,-2.147483648000000000e+09,-2.147483648000000000e+09,-2.147483648000000000e+09,-2.147483648000000000e+09,-2.147483648000000000e+09,-2.147483648000000000e+09,-2.147483648000000000e+09,-2.147483648000000000e+09,-2.147483648000000000e+09,-2.147483648000000000e+09,-2.147483648000000000e+09,-2.147483648000000000e+09,-2.147483648000000000e+09,-2.147483648000000000e+09,-2.147483648000000000e+09,-2.147483648000000000e+09,-2.147483648000000000e+09
-2.147483648000000000e+09,-2.147483648000000000e+09,-2.147483648000000000e+09,-2.147483648000000000e+09,-2.147483648000000000e+09,-2.147483648000000000e+09,-2.147483648000000000e+09,-2.147483648000000000e+09,-2.147483648000000000e+09,-2.147483648000000000e+09,-2.147483648000000000e+09,-2.147483648000000000e+09,-2.147483648000000000e+09,-2.147483648000000000e+09,-2.147483648000000000e+09,-2.147483648000000000e+09,-2.147483648000000000e+09,8.024125000000000000e+06,8.024126000000000000e+06,8.024127000000000000e+06,8.024127000000000000e+06,8.024128000000000000e+06,8.024129000000000000e+06,8.024130000000000000e+06,8.024131000000000000e+06,8.024132000000000000e+06,8.024133000000000000e+06,8.024134000000000000e+06,8.024135000000000000e+06,8.024136000000000000e+06,8.024137000000000000e+06,8.024138000000000000e+06,8.024139000000000000e+06,8.024140000000000000e+06,8.024141000000000000e+06,8.024142000000000000e+06,8.024143000000000000e+06,8.024144000000000000e+06,8.024145000000000000e+06,8.024146000000000000e+06,8.024147000000000000e+06,8.024148000000000000e+06,8.024149000000000000e+06,8.024150000000000000e+06,8.024151000000000000e+06,8.024152000000000000e+06,8.024153000000000000e+06,8.024154000000000000e+06,8.024155000000000000e+06,8.024156000000000000e+06,8.024157000000000000e+06,8.024158000000000000e+06,8.024159000000000000e+06,8.024160000000000000e+06,8.024161000000000000e+06,8.024162000000000000e+06,8.024163000000000000e+06,8.024164000000000000e+06,8.024165000000000000e+06,-2.147483648000000000e+09,-2.147483648000000000e+09,-2.147483648000000000e+09,-2.147483648000000000e+09,-2.147483648000000000e+09,-2.147483648000000000e+09,-2.147483648000000000e+09,-2.147483648000000000e+09,-2.147483648000000000e+09,-2.147483648000000000e+09,-2.147483648000000000e+09,-2.147483648000000000e+09,-2.147483648000000000e+09,-2.147483648000000000e+09,-2.147483648000000000e+09,-2.147483648000000000e+09,-2.147483648000000000e+09,-2.147483648000000000e+09,-2.147483648000000000e+09,-2.147483648000000000e+09,-2.147483648000000000e+09,-2.147483648000000000e+09,-2.147483648000000000e+09,-2.147483648000000000e+09
-2.147483648000000000e+09,-2.147483648000000000e+09,-2.147483648000000000e+09,-2.147483648000000000e+09,-2.147483648000000000e+09,-2.147483648000000000e+09,-2.147483648000000000e+09,-2.147483648000000000e+09,-2.147483648000000000e+09,-2.147483648000000000e+09,-2.147483648000000000e+09,-2.147483648000000000e+09,-2.147483648000000000e+09,-2.147483648000000000e+09,-2.147483648000000000e+09,-2.147483648000000000e+09,8.031324000000000000e+06,8.031325000000000000e+06,8.031326000000000000e+06,8.031327000000000000e+06,8.031327000000000000e+06,8.031328000000000000e+06,8.031329000000000000e+06,8.031330000000000000e+06,8.031331000000000000e+06,8.031332000000000000e+06,8.031333000000000000e+06,8.031334000000000000e+06,8.031335000000000000e+06,8.031336000000000000e+06,8.031337000000000000e+06,8.031338000000000000e+06,8.031339000000000000e+06,8.031340000000000000e+06,8.031341000000000000e+06,8.031342000000000000e+06,8.031343000000000000e+06,8.031344000000000000e+06,8.031345000000000000e+06,8.031346000000000000e+06,8.031347000000000000e+06,8.031348000000000000e+06,8.031349000000000000e+06,8.031350000000000000e+06,8.031351000000000000e+06,8.031352000000000000e+06,8.031353000000000000e+06,8.031354000000000000e+06,8.031355000000000000e+06,8.031356000000000000e+06,8.031357000000000000e+06,8.031358000000000000e+06,8.031359000000000000e+06,8.031360000000000000e+06,8.031361000000000000e+06,8.031362000000000000e+06,8.031363000000000000e+06,8.031364000000000000e+06,-2.147483648000000000e+09,-2.147483648000000000e+09,-2.147483648000000000e+09,-2.147483648000000000e+09,-2.147483648000000000e+09,-2.147483648000000000e+09,-2.147483648000000000e+09,-2.147483648000000000e+09,-2.147483648000000000e+09,-2.147483648000000000e+09,-2.147483648000000000e+09,-2.147483648000000000e+09,-2.147483648000000000e+09,-2.147483648000000000e+09,-2.147483648000000000e+09,-2.147483648000000000e+09,-2.147483648000000000e+09,-2.147483648000000000e+09,-2.147483648000000000e+09,-2.147483648000000000e+09,-2.147483648000000000e+09,-2.147483648000000000e+09,-2.147483648000000000e+09,-2.147483648000000000e+09,-2.147483648000000000e+09
-2.147483648000000000e+09,-2.147483648000000000e+09,-2.147483648000000000e+09,-2.147483648000000000e+09,-2.147483648000000000e+09,-2.147483648000000000e+09,-2.147483648000000000e+09,-2.147483648000000000e+09,-2.147483648000000000e+09,-2.147483648000000000e+09,-2.147483648000000000e+09,-2.147483648000000000e+09,-2.147483648000000000e+09,-2.147483648000000000e+09,-2.147483648000000000e+09,8.038523000000000000e+06,8.038524000000000000e+06,8.038525000000000000e+06,8.038526000000000000e+06,8.038527000000000000e+06,8.038527000000000000e+06,8.038528000000000000e+06,8.038529000000000000e+06,8.038530000000000000e+06,8.038531000000000000e+06,8.038532000000000000e+06,8.038533000000000000e+06,8.038534000000000000e+06,8.038535000000000000e+06,8.038536000000000000e+06,8.038537000000000000e+06,8.038538000000000000e+06,8.038539000000000000e+06,8.038540000000000000e+06,8.038541000000000000e+06,8.038542000000000000e+06,8.038543000000000000e+06,8.038544000000000000e+06,8.038545000000000000e+06,8.038546000000000000e+06,8.038547000000000000e+06,8.038548000000000000e+06,8.038549000000000000e+06,8.038550000000000000e+06,8.038551000000000000e+06,8.038552000000000000e+06,8.038553000000000000e+06,8.038554000000000000e+06,8.038555000000000000e+06,8.038556000000000000e+06,8.038557000000000000e+06,8.038558000000000000e+06,8.038559000000000000e+06,8.038560000000000000e+06,8.038561000000000000e+06,8.038562000000000000e+06,8.038563000000000000e+06,-2.147483648000000000e+09,-2.147483648000000000e+09,-2.147483648000000000e+09,-2.147483648000000000e+09,-2.147483648000000000e+09,-2.147483648000000000e+09,-2.147483648000000000e+09,-2.147483648000000000e+09,-2.147483648000000000e+09,-2.147483648000000000e+09,-2.147483648000000000e+09,-2.147483648000000000e+09,-2.147483648000000000e+09,-2.147483648000000000e+09,-2.147483648000000000e+09,-2.147483648000000000e+09,-2.147483648000000000e+09,-2.147483648000000000e+09,-2.147483648000000000e+09,-2.147483648000000000e+09,-2.147483648000000000e+09,-2.147483648000000000e+09,-2.147483648000000000e+09,-2.147483648000000000e+09,-2.147483648000000000e+09,-2.147483648000000000e+09
-2.147483648000000000e+09,-2.147483648000000000e+09,-2.147483648000000000e+09,-2.147483648000000000e+09,-2.147483648000000000e+09,-2.147483648000000000e+09,-2.147483648000000000e+09,-2.147483648000000000e+09,-2.147483648000000000e+09,-2.147483648000000000e+09,-2.147483648000000000e+09,-2.147483648000000000e+09,-2.147483648000000000e+09,-2.147483648000000000e+09,8.045722000000000000e+06,8.045723000000000000e+06,8.045724000000000000e+06,8.045725000000000000e+06,8.045726000000000000e+06,8.045727000000000000e+06,8.045727000000000000e+06,8.045728000000000000e+06,8.045729000000000000e+06,8.045730000000000000e+06,8.045731000000000000e+06,8.045732000000000000e+06,8.045733000000000000e+06,8.045734000000000000e+06,8.045735000000000000e+06,8.045736000000000000e+06,8.045737000000000000e+06,8.045738000000000000e+06,8.045739000000000000e+06,8.045740000000000000e+06,8.045741000000000000e+06,8.045742000000000000e+06,8.045743000000000000e+06,8.045744000000000000e+06,8.045745000000000000e+06,8.045746000000000000e+06,8.045747000000000000e+06,8.045748000000000000e+06,8.045749000000000000e+06,8.045750000000000000e+06,8.045751000000000000e+06,8.045752000000000000e+06,8.045753000000000000e+06,8.045754000000000000e+06,8.045755000000000000e+06,8.045756000000000000e+06,8.045757000000000000e+06,8.045758000000000000e+06,8.045759000000000000e+06,8.045760000000000000e+06,8.045761000000000000e+06,8.045762000000000000e+06,-2.147483648000000000e+09,-2.147483648000000000e+09,-2.147483648000000000e+09,-2.147483648000000000e+09,-2.147483648000000000e+09,-2.147483648000000000e+09,-2.147483648000000000e+09,-2.147483648000000000e+09,-2.147483648000000000e+09,-2.147483648000000000e+09,-2.147483648000000000e+09,-2.147483648000000000e+09,-2.147483648000000000e+09,-2.147483648000000000e+09,-2.147483648000000000e+09,-2.147483648000000000e+09,-2.147483648000000000e+09,-2.147483648000000000e+09,-2.147483648000000000e+09,-2.147483648000000000e+09,-2.147483648000000000e+09,-2.147483648000000000e+09,-2.147483648000000000e+09,-2.147483648000000000e+09,-2.147483648000000000e+09,-2.147483648000000000e+09,-2.147483648000000000e+09
-2.147483648000000000e+09,-2.147483648000000000e+09,-2.147483648000000000e+09,-2.147483648000000000e+09,-2.147483648000000000e+09,-2.147483648000000000e+09,-2.147483648000000000e+09,-2.147483648000000000e+09,-2.147483648000000000e+09,-2.147483648000000000e+09,-2.147483648000000000e+09,-2.147483648000000000e+09,-2.147483648000000000e+09,8.052921000000000000e+06,8.052922000000000000e+06,8.052923000000000000e+06,8.052924000000000000e+06,8.052925000000000000e+06,8.052926000000000000e+06,8.052927000000000000e+06,8.052927000000000000e+06,8.052928000000000000e+06,8.052929000000000000e+06,8.052930000000000000e+06,8.052931000000000000e+06,8.052932000000000000e+06,8.052933000000000000e+06,8.052934000000000000e+06,8.052935000000000000e+06,8.052936000000000000e+06,8.052937000000000000e+06,8.052938000000000000e+06,8.052939000000000000e+06,8.052940000000000000e+06,8.052941000000000000e+06,8.052942000000000000e+06,8.052943000000000000e+06,8.052944000000000000e+06,8.052945000000000000e+06,8.052946000000000000e+06,8.052947000000000000e+06,8.052948000000000000e+06,8.052949000000000000e+06,8.052950000000000000e+06,8.052951000000000000e+06,8.052952000000000000e+06,8.052953000000000000e+06,8.052954000000000000e+06,8.052955000000000000e+06,8.052956000000000000e+06,8.052957000000000000e+06,8.052958000000000000e+06,8.052959000000000000e+06,8.052960000000000000e+06,8.052961000000000000e+06,-2.147483648000000000e+09,-2.147483648000000000e+09,-2.147483648000000000e+09,-2.147483648000000000e+09,-2.147483648000000000e+09,-2.147483648000000000e+09,-2.147483648000000000e+09,-2.147483648000000000e+09,-2.147483648000000000e+09,-2.147483648000000000e+09,-2.147483648000000000e+09,-2.147483648000000000e+09,-2.147483648000000000e+09,-2.147483648000000000e+09,-2.147483648000000000e+09,-2.147483648000000000e+09,-2.147483648000000000e+09,-2.147483648000000000e+09,-2.147483648000000000e+09,-2.147483648000000000e+09,-2.147483648000000000e+09,-2.147483648000000000e+09,-2.147483648000000000e+09,-2.147483648000000000e+09,-2.147483648000000000e+09,-2.147483648000000000e+09,-2.147483648000000000e+09,-2.147483648000000000e+09
-2.147483648000000000e+09,-2.147483648000000000e+09,-2.147483648000000000e+09,-2.147483648000000000e+09,-2.147483648000000000e+09,-2.147483648000000000e+09,-2.147483648000000000e+09,-2.147483648000000000e+09,-2.147483648000000000e+09,-2.147483648000000000e+09,-2.147483648000000000e+09,-2.147483648000000000e+09,8.060120000000000000e+06,8.060121000000000000e+06,8.060122000000000000e+06,8.060123000000000000e+06,8.060124000000000000e+06,8.060125000000000000e+06,8.060126000000000000e+06,8.060127000000000000e+06,8.060127000000000000e+06,8.060128000000000000e+06,8.060129000000000000e+06,8.060130000000000000e+06,8.060131000000000000e+06,8.060132000000000000e+06,8.060133000000000000e+06,8.060134000000000000e+06,8.060135000000000000e+06,8.060136000000000000e+06,8.060137000000000000e+06,8.060138000000000000e+06,8.060139000000000000e+06,8.060140000000000000e+06,8.060141000000000000e+06,8.060142000000000000e+06,8.060143000000000000e+06,8.060144000000000000e+06,8.060145000000000000e+06,8.060146000000000000e+06,8.060147000000000000e+06,8.060148000000000000e+06,8.060149000000000000e+06,8.060150000000000000e+06,8.060151000000000000e+06,8.060152000000000000e+06,8.060153000000000000e+06,8.060154000000000000e+06,8.060155000000000000e+06,8.060156000000000000e+06,8.060157000000000000e+06,8.060158000000000000e+06,8.060159000000000000e+06,8.060160000000000000e+06,-2.147483648000000000e+09,-2.147483648000000000e+09,-2.147483648000000000e+09,-2.147483648000000000e+09,-2.147483648000000000e+09,-2.147483648000000000e+09,-2.147483648000000000e+09,-2.147483648000000000e+09,-2.147483648000000000e+09,-2.147483648000000000e+09,-2.147483648000000000e+09,-2.147483648000000000e+09,-2.147483648000000000e+09,-2.147483648000000000e+09,-2.147483648000000000e+09,-2.147483648000000000e+09,-2.147483648000000000e+09,-2.147483648000000000e+09,-2.147483648000000000e+09,-2.147483648000000000e+09,-2.147483648000000000e+09,-2.147483648000000000e+09,-2.147483648000000000e+09,-2.147483648000000000e+09,-2.147483648000000000e+09,-2.147483648000000000e+09,-2.147483648000000000e+09,-2.147483648000000000e+09,-2.147483648000000000e+09
-2.147483648000000000e+09,-2.147483648000000000e+09,-2.147483648000000000e+09,-2.147483648000000000e+09,-2.147483648000000000e+09,-2.147483648000000000e+09,-2.147483648000000000e+09,-2.147483648000000000e+09,-2.147483648000000000e+09,-2.147483648000000000e+09,-2.147483648000000000e+09,8.067319000000000000e+06,8.067320000000000000e+06,8.067321000000000000e+06,8.067322000000000000e+06,8.067323000000000000e+06,8.067324000000000000e+06,8.067325000000000000e+06,8.067326000000000000e+06,8.067327000000000000e+06,8.067327000000000000e+06,8.067328000000000000e+06,8.067329000000000000e+06,8.067330000000000000e+06,8.067331000000000000e+06,8.067332000000000000e+06,8.067333000000000000e+06,8.067334000000000000e+06,8.067335000000000000e+06,8.067336000000000000e+06,8.067337000000000000e+06,8.067338000000000000e+06,8.067339000000000000e+06,8.067340000000000000e+06,8.067341000000000000e+06,8.067342000000000000e+06,8.067343000000000000e+06,8.067344000000000000e+06,8.067345000000000000e+06,8.067346000000000000e+06,8.067347000000000000e+06,8.067348000000000000e+06,8.067349000000000000e+06,8.067350000000000000e+06,8.067351000000000000e+06,8.067352000000000000e+06,8.067353000000000000e+06,8.067354000000000000e+06,8.067355000000000000e+06,8.067356000000000000e+06,8.067357000000000000e+06,8.067358000000000000e+06,8.067359000000000000e+06,-2.147483648000000000e+09,-2.147483648000000000e+09,-2.147483648000000000e+09,-2.147483648000000000e+09,-2.147483648000000000e+09,-2.147483648000000000e+09,-2.147483648000000000e+09,-2.147483648000000000e+09,-2.147483648000000000e+09,-2.147483648000000000e+09,-2.147483648000000000e+09,-2.147483648000000000e+09,-2.147483648000000000e+09,-2.147483648000000000e+09,-2.147483648000000000e+09,-2.147483648000000000e+09,-2.147483648000000000e+09,-2.147483648000000000e+09,-2.147483648000000000e+09,-2.147483648000000000e+09,-2.147483648000000000e+09,-2.147483648000000000e+09,-2.147483648000000000e+09,-2.147483648000000000e+09,-2.147483648000000000e+09,-2.147483648000000000e+09,-2.147483648000000000e+09,-2.147483648000000000e+09,-2.147483648000000000e+09,-2.147483648000000000e+09
-2.147483648000000000e+09,-2.147483648000000000e+09,-2.147483648000000000e+09,-2.147483648000000000e+09,-2.147483648000000000e+09,-2.147483648000000000e+09,-2.147483648000000000e+09,-2.147483648000000000e+09,-2.147483648000000000e+09,8.074517000000000000e+06,8.074518000000000000e+06,8.074519000000000000e+06,8.074520000000000000e+06,8.074521000000000000e+06,8.074522000000000000e+06,8.074523000000000000e+06,8.074524000000000000e+06,8.074525000000000000e+06,8.074526000000000000e+06,8.074527000000000000e+06,8.074527000000000000e+06,8.074528000000000000e+06,8.074529000000000000e+06,8.074530000000000000e+06,8.074531000000000000e+06,8.074532000000000000e+06,8.074533000000000000e+06,8.074534000000000000e+06,8.074535000000000000e+06,8.074536000000000000e+06,8.074537000000000000e+06,8.074538000000000000e+06,8.074539000000000000e+06,8.074540000000000000e+06,8.074541000000000000e+06,8.074542000000000000e+06,8.074543000000000000e+06,8.074544000000000000e+06,8.074545000000000000e+06,8.074546000000000000e+06,8.074547000000000000e+06,8.074548000000000000e+06,8.074549000000000000e+06,8.074550000000000000e+06,8.074551000000000000e+06,8.074552000000000000e+06,8.074553000000000000e+06,8.074554000000000000e+06,8.074555000000000000e+06,8.074556000000000000e+06,8.074557000000000000e+06,8.074558000000000000e+06,-2.147483648000000000e+09,-2.147483648000000000e+09,-2.147483648000000000e+09,-2.147483648000000000e+09,-2.147483648000000000e+09,-2.147483648000000000e+09,-2.147483648000000000e+09,-2.147483648000000000e+09,-2.147483648000000000e+09,-2.147483648000000000e+09,-2.147483648000000000e+09,-2.147483648000000000e+09,-2.147483648000000000e+09,-2.147483648000000000e+09,-2.147483648000000000e+09,-2.147483648000000000e+09,-2.147483648000000000e+09,-2.147483648000000000e+09,-2.147483648000000000e+09,-2.147483648000000000e+09,-2.147483648000000000e+09,-2.147483648000000000e+09,-2.147483648000000000e+09,-2.147483648000000000e+09,-2.147483648000000000e+09,-2.147483648000000000e+09,-2.147483648000000000e+09,-2.147483648000000000e+09,-2.147483648000000000e+09,-2.147483648000000000e+09,-2.147483648000000000e+09
-2.147483648000000000e+09,-2.147483648000000000e+09,-2.147483648000000000e+09,-2.147483648000000000e+09,-2.147483648000000000e+09,-2.147483648000000000e+09,-2.147483648000000000e+09,-2.147483648000000000e+09,8.081716000000000000e+06,8.081717000000000000e+06,8.081718000000000000e+06,8.081719000000000000e+06,8.081720000000000000e+06,8.081721000000000000e+06,8.081722000000000000e+06,8.081723000000000000e+06,8.081724000000000000e+06,8.081725000000000000e+06,8.081726000000000000e+06,8.081727000000000000e+06,8.081727000000000000e+06,8.081728000000000000e+06,8.081729000000000000e+06,8.081730000000000000e+06,8.081731000000000000e+06,8.081732000000000000e+06,8.081733000000000000e+06,8.081734000000000000e+06,8.081735000000000000e+06,8.081736000000000000e+06,8.081737000000000000e+06,8.081738000000000000e+06,8.081739000000000000e+06,8.081740000000000000e+06,8.081741000000000000e+06,8.081742000000000000e+06,8.081743000000000000e+06,8.081744000000000000e+06,8.081745000000000000e+06,8.081746000000000000e+06,8.081747000000000000e+06,8.081748000000000000e+06,8.081749000000000000e+06,8.081750000000000000e+06,8.081751000000000000e+06,8.081752000000000000e+06,8.081753000000000000e+06,8.081754000000000000e+06,8.081755000000000000e+06,8.081756000000000000e+06,8.081757000000000000e+06,-2.147483648000000000e+09,-2.147483648000000000e+09,-2.147483648000000000e+09,-2.147483648000000000e+09,-2.147483648000000000e+09,-2.147483648000000000e+09,-2.147483648000000000e+09,-2.147483648000000000e+09,-2.147483648000000000e+09,-2.147483648000000000e+09,-2.147483648000000000e+09,-2.147483648000000000e+09,-2.147483648000000000e+09,-2.147483648000000000e+09,-2.147483648000000000e+09,-2.147483648000000000e+09,-2.147483648000000000e+09,-2.147483648000000000e+09,-2.147483648000000000e+09,-2.147483648000000000e+09,-2.147483648000000000e+09,-2.147483648000000000e+09,-2.147483648000000000e+09,-2.147483648000000000e+09,-2.147483648000000000e+09,-2.147483648000000000e+09,-2.147483648000000000e+09,-2.147483648000000000e+09,-2.147483648000000000e+09,-2.147483648000000000e+09,-2.147483648000000000e+09,-2.147483648000000000e+09
-2.147483648000000000e+09,-2.147483648000000000e+09,-2.147483648000000000e+09,-2.147483648000000000e+09,-2.147483648000000000e+09,-2.147483648000000000e+09,-2.147483648000000000e+09,8.088915000000000000e+06,8.088916000000000000e+06,8.088917000000000000e+06,8.088918000000000000e+06,8.088919000000000000e+06,8.088920000000000000e+06,8.088921000000000000e+06,8.088922000000000000e+06,8.088923000000000000e+06,8.088924000000000000e+06,8.088925000000000000e+06,8.088926000000000000e+06,8.088927000000000000e+06,8.088927000000000000e+06,8.088928000000000000e+06,8.088929000000000000e+06,8.088930000000000000e+06,8.088931000000000000e+06,8.088932000000000000e+06,8.088933000000000000e+06,8.088934000000000000e+06,8.088935000000000000e+06,8.088936000000000000e+06,8.088937000000000000e+06,8.088938000000000000e+06,8.088939000000000000e+06,8.088940000000000000e+06,8.088941000000000000e+06,8.088942000000000000e+06,8.088943000000000000e+06,8.088944000000000000e+06,8.088945000000000000e+06,8.088946000000000000e+06,8.088947000000000000e+06,8.088948000000000000e+06,8.088949000000000000e+06,8.088950000000000000e+06,8.088951000000000000e+06,8.088952000000000000e+06,8.088953000000000000e+06,8.088954000000000000e+06,8.088955000000000000e+06,8.088956000000000000e+06,-2.147483648000000000e+09,-2.147483648000000000e+09,-2.147483648000000000e+09,-2.147483648000000000e+09,-2.147483648000000000e+09,-2.147483648000000000e+09,-2.147483648000000000e+09,-2.147483648000000000e+09,-2.147483648000000000e+09,-2.147483648000000000e+09,-2.147483648000000000e+09,-2.147483648000000000e+09,-2.147483648000000000e+09,-2.147483648000000000e+09,-2.147483648000000000e+09,-2.147483648000000000e+09,-2.147483648000000000e+09,-2.147483648000000000e+09,-2.147483648000000000e+09,-2.147483648000000000e+09,-2.147483648000000000e+09,-2.147483648000000000e+09,-2.147483648000000000e+09,-2.147483648000000000e+09,-2.147483648000000000e+09,-2.147483648000000000e+09,-2.147483648000000000e+09,-2.147483648000000000e+09,-2.147483648000000000e+09,-2.147483648000000000e+09,-2.147483648000000000e+09,-2.147483648000000000e+09,-2.147483648000000000e+09
-2.147483648000000000e+09,-2.147483648000000000e+09,-2.147483648000000000e+09,-2.147483648000000000e+09,-2.147483648000000000e+09,-2.147483648000000000e+09,8.096114000000000000e+06,8.096115000000000000e+06,8.096116000000000000e+06,8.096117000000000000e+06,8.096118000000000000e+06,8.096119000000000000e+06,8.096120000000000000e+06,8.096121000000000000e+06,8.096122000000000000e+06,8.096123000000000000e+06,8.096124000000000000e+06,8.096125000000000000e+06,8.096126000000000000e+06,8.096127000000000000e+06,8.096127000000000000e+06,8.096128000000000000e+06,8.096129000000000000e+06,8.096130000000000000e+06,8.096131000000000000e+06,8.096132000000000000e+06,8.096133000000000000e+06,8.096134000000000000e+06,8.096135000000000000e+06,8.096136000000000000e+06,8.096137000000000000e+06,8.096138000000000000e+06,8.096139000000000000e+06,8.096140000000000000e+06,8.096141000000000000e+06,8.096142000000000000e+06,8.096143000000000000e+06,8.096144000000000000e+06,8.096145000000000000e+06,8.096146000000000000e+06,8.096147000000000000e+06,8.096148000000000000e+06,8.096149000000000000e+06,8.096150000000000000e+06,8.096151000000000000e+06,8.096152000000000000e+06,8.096153000000000000e+06,8.096154000000000000e+06,8.096155000000000000e+06,-2.147483648000000000e+09,-2.147483648000000000e+09,-2.147483648000000000e+09,-2.147483648000000000e+09,-2.147483648000000000e+09,-2.147483648000000000e+09,-2.147483648000000000e+09,-2.147483648000000000e+09,-2.147483648000000000e+09,-2.147483648000000000e+09,-2.147483648000000000e+09,-2.147483648000000000e+09,-2.147483648000000000e+09,-2.147483648000000000e+09,-2.147483648000000000e+09,-2.147483648000000000e+09,-2.147483648000000000e+09,-2.147483648000000000e+09,-2.147483648000000000e+09,-2.147483648000000000e+09,-2.147483648000000000e+09,-2.147483648000000000e+09,-2.147483648000000000e+09,-2.147483648000000000e+09,-2.147483648000000000e+09,-2.147483648000000000e+09,-2.147483648000000000e+09,-2.147483648000000000e+09,-2.147483648000000000e+09,-2.147483648000000000e+09,-2.147483648000000000e+09,-2.147483648000000000e+09,-2.147483648000000000e+09,-2.147483648000000000e+09
-2.147483648000000000e+09,-2.147483648000000000e+09,-2.147483648000000000e+09,-2.147483648000000000e+09,-2.147483648000000000e+09,8.103313000000000000e+06,8.103314000000000000e+06,8.103315000000000000e+06,8.103316000000000000e+06,8.103317000000000000e+06,8.103318000000000000e+06,8.103319000000000000e+06,8.103320000000000000e+06,8.103321000000000000e+06,8.103322000000000000e+06,8.103323000000000000e+06,8.103324000000000000e+06,8.103325000000000000e+06,8.103326000000000000e+06,8.103327000000000000e+06,8.103327000000000000e+06,8.103328000000000000e+06,8.103329000000000000e+06,8.103330000000000000e+06,8.103331000000000000e+06,8.103332000000000000e+06,8.103333000000000000e+06,8.103334000000000000e+06,8.103335000000000000e+06,8.103336000000000000e+06,8.103337000000000000e+06,8.103338000000000000e+06,8.103339000000000000e+06,8.103340000000000000e+06,8.103341000000000000e+06,8.103342000000000000e+06,8.103343000000000000e+06,8.103344000000000000e+06,8.103345000000000000e+06,8.103346000000000000e+06,8.103347000000000000e+06,8.103348000000000000e+06,8.103349000000000000e+06,8.103350000000000000e+06,8.103351000000000000e+06,8.103352000000000000e+06,8.103353000000000000e+06,-2.147483648000000000e+09,-2.147483648000000000e+09,-2.147483648000000000e+09,-2.147483648000000000e+09,-2.147483648000000000e+09,-2.147483648000000000e+09,-2.147483648000000000e+09,-2.147483648000000000e+09,-2.147483648000000000e+09,-2.147483648000000000e+09,-2.147483648000000000e+09,-2.147483648000000000e+09,-2.147483648000000000e+09,-2.147483648000000000e+09,-2.147483648000000000e+09,-2.147483648000000000e+09,-2.147483648000000000e+09,-2.147483648000000000e+09,-2.147483648000000000e+09,-2.147483648000000000e+09,-2.147483648000000000e+09,-2.147483648000000000e+09,-2.147483648000000000e+09,-2.147483648000000000e+09,-2.147483648000000000e+09,-2.147483648000000000e+09,-2.147483648000000000e+09,-2.147483648000000000e+09,-2.147483648000000000e+09,-2.147483648000000000e+09,-2.147483648000000000e+09,-2.147483648000000000e+09,-2.147483648000000000e+09,-2.147483648000000000e+09,-2.147483648000000000e+09,-2.147483648000000000e+09
-2.147483648000000000e+09,-2.147483648000000000e+09,-2.147483648000000000e+09,-2.147483648000000000e+09,8.110512000000000000e+06,8.110513000000000000e+06,8.110514000000000000e+06,8.110515000000000000e+06,8.110516000000000000e+06,8.110517000000000000e+06,8.110518000000000000e+06,8.110519000000000000e+06,8.110520000000000000e+06,8.110521000000000000e+06,8.110522000000000000e+06,8.110523000000000000e+06,8.110524000000000000e+06,8.110525000000000000e+06,8.110526000000000000e+06,8.110527000000000000e+06,8.110527000000000000e+06,8.110528000000000000e+06,8.110529000000000000e+06,8.110530000000000000e+06,8.110531000000000000e+06,8.110532000000000000e+06,8.110533000000000000e+06,8.110534000000000000e+06,8.110535000000000000e+06,8.110536000000000000e+06,8.110537000000000000e+06,8.110538000000000000e+06,8.110539000000000000e+06,8.110540000000000000e+06,8.110541000000000000e+06,8.110542000000000000e+06,8.110543000000000000e+06,8.110544000000000000e+06,8.110545000000000000e+06,8.110546000000000000e+06,8.110547000000000000e+06,8.110548000000000000e+06,8.110549000000000000e+06,8.110550000000000000e+06,8.110551000000000000e+06,8.110552000000000000e+06,-2.147483648000000000e+09,-2.147483648000000000e+09,-2.147483648000000000e+09,-2.147483648000000000e+09,-2.147483648000000000e+09,-2.147483648000000000e+09,-2.147483648000000000e+09,-2.147483648000000000e+09,-2.147483648000000000e+09,-2.147483648000000000e+09,-2.147483648000000000e+09,-2.147483648000000000e+09,-2.147483648000000000e+09,-2.147483648000000000e+09,-2.147483648000000000e+09,-2.147483648000000000e+09,-2.147483648000000000e+09,-2.147483648000000000e+09,-2.147483648000000000e+09,-2.147483648000000000e+09,-2.147483648000000000e+09,-2.147483648000000000e+09,-2.147483648000000000e+09,-2.147483648000000000e+09,-2.147483648000000000e+09,-2.147483648000000000e+09,-2.147483648000000000e+09,-2.147483648000000000e+09,-2.147483648000000000e+09,-2.147483648000000000e+09,-2.147483648000000000e+09,-2.147483648000000000e+09,-2.147483648000000000e+09,-2.147483648000000000e+09,-2.147483648000000000e+09,-2.147483648000000000e+09,-2.147483648000000000e+09
-2.147483648000000000e+09,-2.147483648000000000e+09,-2.147483648000000000e+09,8.117711000000000000e+06,8.117712000000000000e+06,8.117713000000000000e+06,8.117714000000000000e+06,8.117715000000000000e+06,8.117716000000000000e+06,8.117717000000000000e+06,8.117718000000000000e+06,8.117719000000000000e+06,8.117720000000000000e+06,8.117721000000000000e+06,8.117722000000000000e+06,8.117723000000000000e+06,8.117724000000000000e+06,8.117725000000000000e+06,8.117726000000000000e+06,8.117727000000000000e+06,8.117727000000000000e+06,8.117728000000000000e+06,8.117729000000000000e+06,8.117730000000000000e+06,8.117731000000000000e+06,8.117732000000000000e+06,8.117733000000000000e+06,8.117734000000000000e+06,8.117735000000000000e+06,8.117736000000000000e+06,8.117737000000000000e+06,8.117738000000000000e+06,8.117739000000000000e+06,8.117740000000000000e+06,8.117741000000000000e+06,8.117742000000000000e+06,8.117743000000000000e+06,8.117744000000000000e+06,8.117745000000000000e+06,8.117746000000000000e+06,8.117747000000000000e+06,8.117748000000000000e+06,8.117749000000000000e+06,8.117750000000000000e+06,8.117751000000000000e+06,-2.147483648000000000e+09,-2.147483648000000000e+09,-2.147483648000000000e+09,-2.147483648000000000e+09,-2.147483648000000000e+09,-2.147483648000000000e+09,-2.147483648000000000e+09,-2.147483648000000000e+09,-2.147483648000000000e+09,-2.147483648000000000e+09,-2.147483648000000000e+09,-2.147483648000000000e+09,-2.147483648000000000e+09,-2.147483648000000000e+09,-2.147483648000000000e+09,-2.147483648000000000e+09,-2.147483648000000000e+09,-2.147483648000000000e+09,-2.147483648000000000e+09,-2.147483648000000000e+09,-2.147483648000000000e+09,-2.147483648000000000e+09,-2.147483648000000000e+09,-2.147483648000000000e+09,-2.147483648000000000e+09,-2.147483648000000000e+09,-2.147483648000000000e+09,-2.147483648000000000e+09,-2.147483648000000000e+09,-2.147483648000000000e+09,-2.147483648000000000e+09,-2.147483648000000000e+09,-2.147483648000000000e+09,-2.147483648000000000e+09,-2.147483648000000000e+09,-2.147483648000000000e+09,-2.147483648000000000e+09,-2.147483648000000000e+09
-2.147483648000000000e+09,-2.147483648000000000e+09,8.124910000000000000e+06,8.124911000000000000e+06,8.124912000000000000e+06,8.124913000000000000e+06,8.124914000000000000e+06,8.124915000000000000e+06,8.124916000000000000e+06,8.124917000000000000e+06,8.124918000000000000e+06,8.124919000000000000e+06,8.124920000000000000e+06,8.124921000000000000e+06,8.124922000000000000e+06,8.124923000000000000e+06,8.124924000000000000e+06,8.124925000000000000e+06,8.124926000000000000e+06,8.124927000000000000e+06,8.124927000000000000e+06,8.124928000000000000e+06,8.124929000000000000e+06,8.124930000000000000e+06,8.124931000000000000e+06,8.124932000000000000e+06,8.124933000000000000e+06,8.124934000000000000e+06,8.124935000000000000e+06,8.124936000000000000e+06,8.124937000000000000e+06,8.124938000000000000e+06,8.124939000000000000e+06,8.124940000000000000e+06,8.124941000000000000e+06,8.124942000000000000e+06,8.124943000000000000e+06,8.124944000000000000e+06,8.124945000000000000e+06,8.124946000000000000e+06,8.124947000000000000e+06,8.124948000000000000e+06,8.124949000000000000e+06,8.124950000000000000e+06,-2.147483648000000000e+09,-2.147483648000000000e+09,-2.147483648000000000e+09,-2.147483648000000000e+09,-2.147483648000000000e+09,-2.147483648000000000e+09,-2.147483648000000000e+09,-2.147483648000000000e+09,-2.147483648000000000e+09,-2.147483648000000000e+09,-2.147483648000000000e+09,-2.147483648000000000e+09,-2.147483648000000000e+09,-2.147483648000000000e+09,-2.147483648000000000e+09,-2.147483648000000000e+09,-2.147483648000000000e+09,-2.147483648000000000e+09,-2.147483648000000000e+09,-2.147483648000000000e+09,-2.147483648000000000e+09,-2.147483648000000000e+09,-2.147483648000000000e+09,-2.147483648000000000e+09,-2.147483648000000000e+09,-2.147483648000000000e+09,-2.147483648000000000e+09,-2.147483648000000000e+09,-2.147483648000000000e+09,-2.147483648000000000e+09,-2.147483648000000000e+09,-2.147483648000000000e+09,-2.147483648000000000e+09,-2.147483648000000000e+09,-2.147483648000000000e+09,-2.147483648000000000e+09,-2.147483648000000000e+09,-2.147483648000000000e+09,-2.147483648000000000e+09
-2.147483648000000000e+09,8.132109000000000000e+06,8.132110000000000000e+06,8.132111000000000000e+06,8.132112000000000000e+06,8.132113000000000000e+06,8.132114000000000000e+06,8.132115000000000000e+06,8.132116000000000000e+06,8.132117000000000000e+06,8.132118000000000000e+06,8.132119000000000000e+06,8.132120000000000000e+06,8.132121000000000000e+06,8.132122000000000000e+06,8.132123000000000000e+06,8.132124000000000000e+06,8.132125000000000000e+06,8.132126000000000000e+06,8.132127000000000000e+06,8.132127000000000000e+06,8.132128000000000000e+06,8.132129000000000000e+06,8.132130000000000000e+06,8.132131000000000000e+06,8.132132000000000000e+06,8.132133000000000000e+06,8.132134000000000000e+06,8.132135000000000000e+06,8.132136000000000000e+06,8.132137000000000000e+06,8.132138000000000000e+06,8.132139000000000000e+06,8.132140000000000000e+06,8.132141000000000000e+06,8.132142000000000000e+06,8.132143000000000000e+06,8.132144000000000000e+06,8.132145000000000000e+06,8.132146000000000000e+06,8.132147000000000000e+06,8.132148000000000000e+06,8.132149000000000000e+06,-2.147483648000000000e+09,-2.147483648000000000e+09,-2.147483648000000000e+09,-2.147483648000000000e+09,-2.147483648000000000e+09,-2.147483648000000000e+09,-2.147483648000000000e+09,-2.147483648000000000e+09,-2.147483648000000000e+09,-2.147483648000000000e+09,-2.147483648000000000e+09,-2.147483648000000000e+09,-2.147483648000000000e+09,-2.147483648000000000e+09,-2.147483648000000000e+09,-2.147483648000000000e+09,-2.147483648000000000e+09,-2.147483648000000000e+09,-2.147483648000000000e+09,-2.147483648000000000e+09,-2.147483648000000000e+09,-2.147483648000000000e+09,-2.147483648000000000e+09,-2.147483648000000000e+09,-2.147483648000000000e+09,-2.147483648000000000e+09,-2.147483648000000000e+09,-2.147483648000000000e+09,-2.147483648000000000e+09,-2.147483648000000000e+09,-2.147483648000000000e+09,-2.147483648000000000e+09,-2.147483648000000000e+09,-2.147483648000000000e+09,-2.147483648000000000e+09,-2.147483648000000000e+09,-2.147483648000000000e+09,-2.147483648000000000e+09,-2.147483648000000000e+09,-2.147483648000000000e+09
-2.147483648000000000e+09,-2.147483648000000000e+09,-2.147483648000000000e+09,-2.147483648000000000e+09,-2.147483648000000000e+09,-2.147483648000000000e+09,-2.147483648000000000e+09,-2.147483648000000000e+09,-2.147483648000000000e+09,-2.147483648000000000e+09,-2.147483648000000000e+09,8.139319000000000000e+06,8.139320000000000000e+06,8.139321000000000000e+06,8.139322000000000000e+06,8.139323000000000000e+06,8.139324000000000000e+06,8.139325000000000000e+06,8.139326000000000000e+06,8.139327000000000000e+06,8.139327000000000000e+06,8.139328000000000000e+06,8.139329000000000000e+06,8.139330000000000000e+06,8.139331000000000000e+06,8.139332000000000000e+06,8.139333000000000000e+06,8.139334000000000000e+06,8.139335000000000000e+06,8.139336000000000000e+06,8.139337000000000000e+06,8.139338000000000000e+06,8.139339000000000000e+06,8.139340000000000000e+06,8.139341000000000000e+06,8.139342000000000000e+06,8.139343000000000000e+06,8.139344000000000000e+06,8.139345000000000000e+06,8.139346000000000000e+06,8.139347000000000000e+06,8.139348000000000000e+06,-2.147483648000000000e+09,-2.147483648000000000e+09,-2.147483648000000000e+09,-2.147483648000000000e+09,-2.147483648000000000e+09,-2.147483648000000000e+09,-2.147483648000000000e+09,-2.147483648000000000e+09,-2.147483648000000000e+09,-2.147483648000000000e+09,-2.147483648000000000e+09,-2.147483648000000000e+09,-2.147483648000000000e+09,-2.147483648000000000e+09,-2.147483648000000000e+09,-2.147483648000000000e+09,-2.147483648000000000e+09,-2.147483648000000000e+09,-2.147483648000000000e+09,-2.147483648000000000e+09,-2.147483648000000000e+09,-2.147483648000000000e+09,-2.147483648000000000e+09,-2.147483648000000000e+09,-2.147483648000000000e+09,-2.147483648000000000e+09,-2.147483648000000000e+09,-2.147483648000000000e+09,-2.147483648000000000e+09,-2.147483648000000000e+09,-2.147483648000000000e+09,-2.147483648000000000e+09,-2.147483648000000000e+09,-2.147483648000000000e+09,-2.147483648000000000e+09,-2.147483648000000000e+09,-2.147483648000000000e+09,-2.147483648000000000e+09,-2.147483648000000000e+09,-2.147483648000000000e+09,-2.147483648000000000e+09
