-2.147483648000000000e+09,-2.147483648000000000e+09,-2.147483648000000000e+09,-2.147483648000000000e+09,-2.147483648000000000e+09,-2.147483648000000000e+09,-2.147483648000000000e+09,-2.147483648000000000e+09,-2.147483648000000000e+09,-2.147483648000000000e+09,-2.147483648000000000e+09,-2.147483648000000000e+09,-2.147483648000000000e+09,-2.147483648000000000e+09,-2.147483648000000000e+09,-2.147483648000000000e+09,-2.147483648000000000e+09,-2.147483648000000000e+09,-2.147483648000000000e+09,-2.147483648000000000e+09,-2.147483648000000000e+09,-2.147483648000000000e+09,-2.147483648000000000e+09,-2.147483648000000000e+09,-2.147483648000000000e+09,-2.147483648000000000e+09,-2.147483648000000000e+09,-2.147483648000000000e+09,-2.147483648000000000e+09,-2.147483648000000000e+09,-2.147483648000000000e+09,-2.147483648000000000e+09,-2.147483648000000000e+09,-2.147483648000000000e+09,-2.147483648000000000e+09,-2.147483648000000000e+09,-2.147483648000000000e+09,-2.147483648000000000e+09,-2.147483648000000000e+09,-2.147483648000000000e+09,-2.147483648000000000e+09,9.846082000000000000e+06,9.846083000000000000e+06,9.846084000000000000e+06,9.846085000000000000e+06,9.846086000000000000e+06,9.846087000000000000e+06,9.846088000000000000e+06,9.846089000000000000e+06,9.846090000000000000e+06,9.846091000000000000e+06,9.846092000000000000e+06,9.846093000000000000e+06,9.846094000000000000e+06,9.846095000000000000e+06,9.846096000000000000e+06,9.846097000000000000e+06,9.846098000000000000e+06,9.846099000000000000e+06,9.846100000000000000e+06,9.846101000000000000e+06,9.846102000000000000e+06,9.846103000000000000e+06,9.846104000000000000e+06,9.846105000000000000e+06,9.846106000000000000e+06,-2.147483648000000000e+09,-2.147483648000000000e+09,-2.147483648000000000e+09,-2.147483648000000000e+09,-2.147483648000000000e+09,-2.147483648000000000e+09,-2.147483648000000000e+09,-2.147483648000000000e+09,-2.147483648000000000e+09,-2.147483648000000000e+09,-2.147483648000000000e+09,-2.147483648000000000e+09,-2.147483648000000000e+09,-2.147483648000000000e+09,-2.147483648000000000e+09,-2.147483648000000000e+09,-2.147483648000000000e+09,-2.147483648000000000e+09,-2.147483648000000000e+09,-2.147483648000000000e+09,-2.147483648000000000e+09,-2.147483648000000000e+09,-2.147483648000000000e+09,-2.147483648000000000e+09,-2.147483648000000000e+09,-2.147483648000000000e+09
-2.147483648000000000e+09,-2.147483648000000000e+09,-2.147483648000000000e+09,-2.147483648000000000e+09,-2.147483648000000000e+09,-2.147483648000000000e+09,-2.147483648000000000e+09,-2.147483648000000000e+09,-2.147483648000000000e+09,-2.147483648000000000e+09,-2.147483648000000000e+09,-2.147483648000000000e+09,-2.147483648000000000e+09,-2.147483648000000000e+09,-2.147483648000000000e+09,-2.147483648000000000e+09,-2.147483648000000000e+09,-2.147483648000000000e+09,-2.147483648000000000e+09,-2.147483648000000000e+09,-2.147483648000000000e+09,-2.147483648000000000e+09,-2.147483648000000000e+09,-2.147483648000000000e+09,-2.147483648000000000e+09,-2.147483648000000000e+09,-2.147483648000000000e+09,-2.147483648000000000e+09,-2.147483648000000000e+09,-2.147483648000000000e+09,-2.147483648000000000e+09,-2.147483648000000000e+09,-2.147483648000000000e+09,-2.147483648000000000e+09,-2.147483648000000000e+09,-2.147483648000000000e+09,-2.147483648000000000e+09,-2.147483648000000000e+09,-2.147483648000000000e+09,-2.147483648000000000e+09,9.853281000000000000e+06,9.853282000000000000e+06,9.853283000000000000e+06,9.853284000000000000e+06,9.853285000000000000e+06,9.853286000000000000e+06,9.853287000000000000e+06,9.853288000000000000e+06,9.853289000000000000e+06,9.853290000000000000e+06,9.853291000000000000e+06,9.853292000000000000e+06,9.853293000000000000e+06,9.853294000000000000e+06,9.853295000000000000e+06,9.853296000000000000e+06,9.853297000000000000e+06,9.853298000000000000e+06,9.853299000000000000e+06,9.853300000000000000e+06,9.853301000000000000e+06,9.853302000000000000e+06,9.853303000000000000e+06,9.853304000000000000e+06,9.853305000000000000e+06,9.853306000000000000e+06,9.853307000000000000e+06,9.853308000000000000e+06,9.853309000000000000e+06,9.853310000000000000e+06,9.853311000000000000e+06,9.853312000000000000e+06,9.853313000000000000e+06,9.853314000000000000e+06,9.853315000000000000e+06,9.853316000000000000e+06,9.853317000000000000e+06,9.853318000000000000e+06,9.853319000000000000e+06,9.853320000000000000e+06,9.853321000000000000e+06,9.853322000000000000e+06,9.853323000000000000e+06,9.853324000000000000e+06,9.853325000000000000e+06,9.853326000000000000e+06,9.853327000000000000e+06,9.853328000000000000e+06,9.853329000000000000e+06,9.853330000000000000e+06,9.853331000000000000e+06,9.853332000000000000e+06
-2.147483648000000000e+09,-2.147483648000000000e+09,-2.147483648000000000e+09,-2.147483648000000000e+09,-2.147483648000000000e+09,-2.147483648000000000e+09,-2.147483648000000000e+09,-2.147483648000000000e+09,-2.147483648000000000e+09,-2.147483648000000000e+09,-2.147483648000000000e+09,-2.147483648000000000e+09,-2.147483648000000000e+09,-2.147483648000000000e+09,-2.147483648000000000e+09,-2.147483648000000000e+09,-2.147483648000000000e+09,-2.147483648000000000e+09,-2.147483648000000000e+09,-2.147483648000000000e+09,-2.147483648000000000e+09,-2.147483648000000000e+09,-2.147483648000000000e+09,-2.147483648000000000e+09,-2.147483648000000000e+09,-2.147483648000000000e+09,-2.147483648000000000e+09,-2.147483648000000000e+09,-2.147483648000000000e+09,-2.147483648000000000e+09,-2.147483648000000000e+09,-2.147483648000000000e+09,-2.147483648000000000e+09,-2.147483648000000000e+09,-2.147483648000000000e+09,-2.147483648000000000e+09,-2.147483648000000000e+09,-2.147483648000000000e+09,-2.147483648000000000e+09,9.860480000000000000e+06,9.860481000000000000e+06,9.860482000000000000e+06,9.860483000000000000e+06,9.860484000000000000e+06,9.860485000000000000e+06,9.860486000000000000e+06,9.860487000000000000e+06,9.860488000000000000e+06,9.860489000000000000e+06,9.860490000000000000e+06,9.860491000000000000e+06,9.860492000000000000e+06,9.860493000000000000e+06,9.860494000000000000e+06,9.860495000000000000e+06,9.860496000000000000e+06,9.860497000000000000e+06,9.860498000000000000e+06,9.860499000000000000e+06,9.860500000000000000e+06,9.860501000000000000e+06,9.860502000000000000e+06,9.860503000000000000e+06,9.860504000000000000e+06,9.860505000000000000e+06,9.860506000000000000e+06,9.860507000000000000e+06,9.860508000000000000e+06,9.860509000000000000e+06,9.860510000000000000e+06,9.860511000000000000e+06,9.860512000000000000e+06,9.860513000000000000e+06,9.860514000000000000e+06,9.860515000000000000e+06,9.860516000000000000e+06,9.860517000000000000e+06,9.860518000000000000e+06,9.860519000000000000e+06,9.860520000000000000e+06,9.860521000000000000e+06,9.860522000000000000e+06,9.860523000000000000e+06,9.860524000000000000e+06,9.860525000000000000e+06,9.860526000000000000e+06,9.860527000000000000e+06,9.860528000000000000e+06,9.860529000000000000e+06,9.860530000000000000e+06,9.860531000000000000e+06,-2.147483648000000000e+09
-2.147483648000000000e+09,-2.147483648000000000e+09,-2.147483648000000000e+09,-2.147483648000000000e+09,-2.147483648000000000e+09,-2.147483648000000000e+09,-2.147483648000000000e+09,-2.147483648000000000e+09,-2.147483648000000000e+09,-2.147483648000000000e+09,-2.147483648000000000e+09,-2.147483648000000000e+09,-2.147483648000000000e+09,-2.147483648000000000e+09,-2.147483648000000000e+09,-2.147483648000000000e+09,-2.147483648000000000e+09,-2.147483648000000000e+09,-2.147483648000000000e+09,-2.147483648000000000e+09,-2.147483648000000000e+09,-2.147483648000000000e+09,-2.147483648000000000e+09,-2.147483648000000000e+09,-2.147483648000000000e+09,-2.147483648000000000e+09,-2.147483648000000000e+09,-2.147483648000000000e+09,-2.147483648000000000e+09,-2.147483648000000000e+09,-2.147483648000000000e+09,-2.147483648000000000e+09,-2.147483648000000000e+09,-2.147483648000000000e+09,-2.147483648000000000e+09,-2.147483648000000000e+09,-2.147483648000000000e+09,-2.147483648000000000e+09,9.867679000000000000e+06,9.867680000000000000e+06,9.867681000000000000e+06,9.867682000000000000e+06,9.867683000000000000e+06,9.867684000000000000e+06,9.867685000000000000e+06,9.867686000000000000e+06,9.867687000000000000e+06,9.867688000000000000e+06,9.867689000000000000e+06,9.867690000000000000e+06,9.867691000000000000e+06,9.867692000000000000e+06,9.867693000000000000e+06,9.867694000000000000e+06,9.867695000000000000e+06,9.867696000000000000e+06,9.867697000000000000e+06,9.867698000000000000e+06,9.867699000000000000e+06,9.867700000000000000e+06,9.867701000000000000e+06,9.867702000000000000e+06,9.867703000000000000e+06,9.867704000000000000e+06,9.867705000000000000e+06,9.867706000000000000e+06,9.867707000000000000e+06,9.867708000000000000e+06,9.867709000000000000e+06,9.867710000000000000e+06,9.867711000000000000e+06,9.867712000000000000e+06,9.867713000000000000e+06,9.867714000000000000e+06,9.867715000000000000e+06,9.867716000000000000e+06,9.867717000000000000e+06,9.867718000000000000e+06,9.867719000000000000e+06,9.867720000000000000e+06,9.867721000000000000e+06,9.867722000000000000e+06,9.867723000000000000e+06,9.867724000000000000e+06,9.867725000000000000e+06,9.867726000000000000e+06,9.867727000000000000e+06,9.867728000000000000e+06,9.867729000000000000e+06,9.867730000000000000e+06,-2.147483648000000000e+09,-2.147483648000000000e+09
-2.147483648000000000e+09,-2.147483648000000000e+09,-2.147483648000000000e+09,-2.147483648000000000e+09,-2.147483648000000000e+09,-2.147483648000000000e+09,-2.147483648000000000e+09,-2.147483648000000000e+09,-2.147483648000000000e+09,-2.147483648000000000e+09,-2.147483648000000000e+09,-2.147483648000000000e+09,-2.147483648000000000e+09,-2.147483648000000000e+09,-2.147483648000000000e+09,-2.147483648000000000e+09,-2.147483648000000000e+09,-2.147483648000000000e+09,-2.147483648000000000e+09,-2.147483648000000000e+09,-2.147483648000000000e+09,-2.147483648000000000e+09,-2.147483648000000000e+09,-2.147483648000000000e+09,-2.147483648000000000e+09,-2.147483648000000000e+09,-2.147483648000000000e+09,-2.147483648000000000e+09,-2.147483648000000000e+09,-2.147483648000000000e+09,-2.147483648000000000e+09,-2.147483648000000000e+09,-2.147483648000000000e+09,-2.147483648000000000e+09,-2.147483648000000000e+09,-2.147483648000000000e+09,-2.147483648000000000e+09,9.874878000000000000e+06,9.874879000000000000e+06,9.874880000000000000e+06,9.874881000000000000e+06,9.874882000000000000e+06,9.874883000000000000e+06,9.874884000000000000e+06,9.874885000000000000e+06,9.874886000000000000e+06,9.874887000000000000e+06,9.874888000000000000e+06,9.874889000000000000e+06,9.874890000000000000e+06,9.874891000000000000e+06,9.874892000000000000e+06,9.874893000000000000e+06,9.874894000000000000e+06,9.874895000000000000e+06,9.874896000000000000e+06,9.874897000000000000e+06,9.874898000000000000e+06,9.874899000000000000e+06,9.874900000000000000e+06,9.874901000000000000e+06,9.874902000000000000e+06,9.874903000000000000e+06,9.874904000000000000e+06,9.874905000000000000e+06,9.874906000000000000e+06,9.874907000000000000e+06,9.874908000000000000e+06,9.874909000000000000e+06,9.874910000000000000e+06,9.874911000000000000e+06,9.874912000000000000e+06,9.874913000000000000e+06,9.874914000000000000e+06,9.874915000000000000e+06,9.874916000000000000e+06,9.874917000000000000e+06,9.874918000000000000e+06,9.874919000000000000e+06,9.874920000000000000e+06,9.874921000000000000e+06,9.874922000000000000e+06,9.874923000000000000e+06,9.874924000000000000e+06,9.874925000000000000e+06,9.874926000000000000e+06,9.874927000000000000e+06,9.874928000000000000e+06,9.874929000000000000e+06,-2.147483648000000000e+09,-2.147483648000000000e+09,-2.147483648000000000e+09
-2.147483648000000000e+09,-2.147483648000000000e+09,-2.147483648000000000e+09,-2.147483648000000000e+09,-2.147483648000000000e+09,-2.147483648000000000e+09,-2.147483648000000000e+09,-2.147483648000000000e+09,-2.147483648000000000e+09,-2.147483648000000000e+09,-2.147483648000000000e+09,-2.147483648000000000e+09,-2.147483648000000000e+09,-2.147483648000000000e+09,-2.147483648000000000e+09,-2.147483648000000000e+09,-2.147483648000000000e+09,-2.147483648000000000e+09,-2.147483648000000000e+09,-2.147483648000000000e+09,-2.147483648000000000e+09,-2.147483648000000000e+09,-2.147483648000000000e+09,-2.147483648000000000e+09,-2.147483648000000000e+09,-2.147483648000000000e+09,-2.147483648000000000e+09,-2.147483648000000000e+09,-2.147483648000000000e+09,-2.147483648000000000e+09,-2.147483648000000000e+09,-2.147483648000000000e+09,-2.147483648000000000e+09,-2.147483648000000000e+09,-2.147483648000000000e+09,-2.147483648000000000e+09,9.882077000000000000e+06,9.882078000000000000e+06,9.882079000000000000e+06,9.882080000000000000e+06,9.882081000000000000e+06,9.882082000000000000e+06,9.882083000000000000e+06,9.882084000000000000e+06,9.882085000000000000e+06,9.882086000000000000e+06,9.882087000000000000e+06,9.882088000000000000e+06,9.882089000000000000e+06,9.882090000000000000e+06,9.882091000000000000e+06,9.882092000000000000e+06,9.882093000000000000e+06,9.882094000000000000e+06,9.882095000000000000e+06,9.882096000000000000e+06,9.882097000000000000e+06,9.882098000000000000e+06,9.882099000000000000e+06,9.882100000000000000e+06,9.882101000000000000e+06,9.882102000000000000e+06,9.882103000000000000e+06,9.882104000000000000e+06,9.882105000000000000e+06,9.882106000000000000e+06,9.882107000000000000e+06,9.882108000000000000e+06,9.882109000000000000e+06,9.882110000000000000e+06,9.882111000000000000e+06,9.882112000000000000e+06,9.882113000000000000e+06,9.882114000000000000e+06,9.882115000000000000e+06,9.882116000000000000e+06,9.882117000000000000e+06,9.882118000000000000e+06,9.882119000000000000e+06,9.882120000000000000e+06,9.882121000000000000e+06,9.882122000000000000e+06,9.882123000000000000e+06,9.882124000000000000e+06,9.882125000000000000e+06,9.882126000000000000e+06,9.882127000000000000e+06,9.882128000000000000e+06,-2.147483648000000000e+09,-2.147483648000000000e+09,-2.147483648000000000e+09,-2.147483648000000000e+09
-2.147483648000000000e+09,-2.147483648000000000e+09,-2.147483648000000000e+09,-2.147483648000000000e+09,-2.147483648000000000e+09,-2.147483648000000000e+09,-2.147483648000000000e+09,-2.147483648000000000e+09,-2.147483648000000000e+09,-2.147483648000000000e+09,-2.147483648000000000e+09,-2.147483648000000000e+09,-2.147483648000000000e+09,-2.147483648000000000e+09,-2.147483648000000000e+09,-2.147483648000000000e+09,-2.147483648000000000e+09,-2.147483648000000000e+09,-2.147483648000000000e+09,-2.147483648000000000e+09,-2.147483648000000000e+09,-2.147483648000000000e+09,-2.147483648000000000e+09,-2.147483648000000000e+09,-2.147483648000000000e+09,-2.147483648000000000e+09,-2.147483648000000000e+09,-2.147483648000000000e+09,-2.147483648000000000e+09,-2.147483648000000000e+09,-2.147483648000000000e+09,-2.147483648000000000e+09,-2.147483648000000000e+09,-2.147483648000000000e+09,-2.147483648000000000e+09,9.889276000000000000e+06,9.889277000000000000e+06,9.889278000000000000e+06,9.889279000000000000e+06,9.889280000000000000e+06,9.889281000000000000e+06,9.889282000000000000e+06,9.889283000000000000e+06,9.889284000000000000e+06,9.889285000000000000e+06,9.889286000000000000e+06,9.889287000000000000e+06,9.889288000000000000e+06,9.889289000000000000e+06,9.889290000000000000e+06,9.889291000000000000e+06,9.889292000000000000e+06,9.889293000000000000e+06,9.889294000000000000e+06,9.889295000000000000e+06,9.889296000000000000e+06,9.889297000000000000e+06,9.889298000000000000e+06,9.889299000000000000e+06,9.889300000000000000e+06,9.889301000000000000e+06,9.889302000000000000e+06,9.889303000000000000e+06,9.889304000000000000e+06,9.889305000000000000e+06,9.889306000000000000e+06,9.889307000000000000e+06,9.889308000000000000e+06,9.889309000000000000e+06,9.889310000000000000e+06,9.889311000000000000e+06,9.889312000000000000e+06,9.889313000000000000e+06,9.889314000000000000e+06,9.889315000000000000e+06,9.889316000000000000e+06,9.889317000000000000e+06,9.889318000000000000e+06,9.889319000000000000e+06,9.889320000000000000e+06,9.889321000000000000e+06,9.889322000000000000e+06,9.889323000000000000e+06,9.889324000000000000e+06,9.889325000000000000e+06,9.889326000000000000e+06,9.889327000000000000e+06,-2.147483648000000000e+09,-2.147483648000000000e+09,-2.147483648000000000e+09,-2.147483648000000000e+09,-2.147483648000000000e+09
-2.147483648000000000e+09,-2.147483648000000000e+09,-2.147483648000000000e+09,-2.147483648000000000e+09,-2.147483648000000000e+09,-2.147483648000000000e+09,-2.147483648000000000e+09,-2.147483648000000000e+09,-2.147483648000000000e+09,-2.147483648000000000e+09,-2.147483648000000000e+09,-2.147483648000000000e+09,-2.147483648000000000e+09,-2.147483648000000000e+09,-2.147483648000000000e+09,-2.147483648000000000e+09,-2.147483648000000000e+09,-2.147483648000000000e+09,-2.147483648000000000e+09,-2.147483648000000000e+09,-2.147483648000000000e+09,-2.147483648000000000e+09,-2.147483648000000000e+09,-2.147483648000000000e+09,-2.147483648000000000e+09,-2.147483648000000000e+09,-2.147483648000000000e+09,-2.147483648000000000e+09,-2.147483648000000000e+09,-2.147483648000000000e+09,-2.147483648000000000e+09,-2.147483648000000000e+09,-2.147483648000000000e+09,-2.147483648000000000e+09,9.896475000000000000e+06,9.896476000000000000e+06,9.896477000000000000e+06,9.896478000000000000e+06,9.896479000000000000e+06,9.896480000000000000e+06,9.896481000000000000e+06,9.896482000000000000e+06,9.896483000000000000e+06,9.896484000000000000e+06,9.896485000000000000e+06,9.896486000000000000e+06,9.896487000000000000e+06,9.896488000000000000e+06,9.896489000000000000e+06,9.896490000000000000e+06,9.896491000000000000e+06,9.896492000000000000e+06,9.896493000000000000e+06,9.896494000000000000e+06,9.896495000000000000e+06,9.896496000000000000e+06,9.896497000000000000e+06,9.896498000000000000e+06,9.896499000000000000e+06,9.896500000000000000e+06,9.896501000000000000e+06,9.896502000000000000e+06,9.896503000000000000e+06,9.896504000000000000e+06,9.896505000000000000e+06,9.896506000000000000e+06,9.896507000000000000e+06,9.896508000000000000e+06,9.896509000000000000e+06,9.896510000000000000e+06,9.896511000000000000e+06,9.896512000000000000e+06,9.896513000000000000e+06,9.896514000000000000e+06,9.896515000000000000e+06,9.896516000000000000e+06,9.896517000000000000e+06,9.896518000000000000e+06,9.896519000000000000e+06,9.896520000000000000e+06,9.896521000000000000e+06,9.896522000000000000e+06,9.896523000000000000e+06,9.896524000000000000e+06,9.896525000000000000e+06,9.896526000000000000e+06,-2.147483648000000000e+09,-2.147483648000000000e+09,-2.147483648000000000e+09,-2.147483648000000000e+09,-2.147483648000000000e+09,-2.147483648000000000e+09
-2.147483648000000000e+09,-2.147483648000000000e+09,-2.147483648000000000e+09,-2.147483648000000000e+09,-2.147483648000000000e+09,-2.147483648000000000e+09,-2.147483648000000000e+09,-2.147483648000000000e+09,-2.147483648000000000e+09,-2.147483648000000000e+09,-2.147483648000000000e+09,-2.147483648000000000e+09,-2.147483648000000000e+09,-2.147483648000000000e+09,-2.147483648000000000e+09,-2.147483648000000000e+09,-2.147483648000000000e+09,-2.147483648000000000e+09,-2.147483648000000000e+09,-2.147483648000000000e+09,-2.147483648000000000e+09,-2.147483648000000000e+09,-2.147483648000000000e+09,-2.147483648000000000e+09,-2.147483648000000000e+09,-2.147483648000000000e+09,-2.147483648000000000e+09,-2.147483648000000000e+09,-2.147483648000000000e+09,-2.147483648000000000e+09,-2.147483648000000000e+09,-2.147483648000000000e+09,-2.147483648000000000e+09,9.903674000000000000e+06,9.903675000000000000e+06,9.903676000000000000e+06,9.903677000000000000e+06,9.903678000000000000e+06,9.903679000000000000e+06,9.903680000000000000e+06,9.903681000000000000e+06,9.903682000000000000e+06,9.903683000000000000e+06,9.903684000000000000e+06,9.903685000000000000e+06,9.903686000000000000e+06,9.903687000000000000e+06,9.903688000000000000e+06,9.903689000000000000e+06,9.903690000000000000e+06,9.903691000000000000e+06,9.903692000000000000e+06,9.903693000000000000e+06,9.903694000000000000e+06,9.903695000000000000e+06,9.903696000000000000e+06,9.903697000000000000e+06,9.903698000000000000e+06,9.903699000000000000e+06,9.903700000000000000e+06,9.903701000000000000e+06,9.903702000000000000e+06,9.903703000000000000e+06,9.903704000000000000e+06,9.903705000000000000e+06,9.903706000000000000e+06,9.903707000000000000e+06,9.903708000000000000e+06,9.903709000000000000e+06,9.903710000000000000e+06,9.903711000000000000e+06,9.903712000000000000e+06,9.903713000000000000e+06,9.903714000000000000e+06,9.903715000000000000e+06,9.903716000000000000e+06,9.903717000000000000e+06,9.903718000000000000e+06,9.903719000000000000e+06,9.903720000000000000e+06,9.903721000000000000e+06,9.903722000000000000e+06,9.903723000000000000e+06,9.903724000000000000e+06,9.903725000000000000e+06,-2.147483648000000000e+09,-2.147483648000000000e+09,-2.147483648000000000e+09,-2.147483648000000000e+09,-2.147483648000000000e+09,-2.147483648000000000e+09,-2.147483648000000000e+09
-2.147483648000000000e+09,-2.147483648000000000e+09,-2.147483648000000000e+09,-2.147483648000000000e+09,-2.147483648000000000e+09,-2.147483648000000000e+09,-2.147483648000000000e+09,-2.147483648000000000e+09,-2.147483648000000000e+09,-2.147483648000000000e+09,-2.147483648000000000e+09,-2.147483648000000000e+09,-2.147483648000000000e+09,-2.147483648000000000e+09,-2.147483648000000000e+09,-2.147483648000000000e+09,-2.147483648000000000e+09,-2.147483648000000000e+09,-2.147483648000000000e+09,-2.147483648000000000e+09,-2.147483648000000000e+09,-2.147483648000000000e+09,-2.147483648000000000e+09,-2.147483648000000000e+09,-2.147483648000000000e+09,-2.147483648000000000e+09,-2.147483648000000000e+09,-2.147483648000000000e+09,-2.147483648000000000e+09,-2.147483648000000000e+09,-2.147483648000000000e+09,-2.147483648000000000e+09,9.910873000000000000e+06,9.910874000000000000e+06,9.910875000000000000e+06,9.910876000000000000e+06,9.910877000000000000e+06,9.910878000000000000e+06,9.910879000000000000e+06,9.910880000000000000e+06,9.910881000000000000e+06,9.910882000000000000e+06,9.910883000000000000e+06,9.910884000000000000e+06,9.910885000000000000e+06,9.910886000000000000e+06,9.910887000000000000e+06,9.910888000000000000e+06,9.910889000000000000e+06,9.910890000000000000e+06,9.910891000000000000e+06,9.910892000000000000e+06,9.910893000000000000e+06,9.910894000000000000e+06,9.910895000000000000e+06,9.910896000000000000e+06,9.910897000000000000e+06,9.910898000000000000e+06,9.910899000000000000e+06,9.910900000000000000e+06,9.910901000000000000e+06,9.910902000000000000e+06,9.910903000000000000e+06,9.910904000000000000e+06,9.910905000000000000e+06,9.910906000000000000e+06,9.910907000000000000e+06,9.910908000000000000e+06,9.910909000000000000e+06,9.910910000000000000e+06,9.910911000000000000e+06,9.910912000000000000e+06,9.910913000000000000e+06,9.910914000000000000e+06,9.910915000000000000e+06,9.910916000000000000e+06,9.910917000000000000e+06,9.910918000000000000e+06,9.910919000000000000e+06,9.910920000000000000e+06,9.910921000000000000e+06,9.910922000000000000e+06,9.910923000000000000e+06,9.910924000000000000e+06,-2.147483648000000000e+09,-2.147483648000000000e+09,-2.147483648000000000e+09,-2.147483648000000000e+09,-2.147483648000000000e+09,-2.147483648000000000e+09,-2.147483648000000000e+09,-2.147483648000000000e+09
-2.147483648000000000e+09,-2.147483648000000000e+09,-2.147483648000000000e+09,-2.147483648000000000e+09,-2.147483648000000000e+09,-2.147483648000000000e+09,-2.147483648000000000e+09,-2.147483648000000000e+09,-2.147483648000000000e+09,-2.147483648000000000e+09,-2.147483648000000000e+09,-2.147483648000000000e+09,-2.147483648000000000e+09,-2.147483648000000000e+09,-2.147483648000000000e+09,-2.147483648000000000e+09,-2.147483648000000000e+09,-2.147483648000000000e+09,-2.147483648000000000e+09,-2.147483648000000000e+09,-2.147483648000000000e+09,-2.147483648000000000e+09,-2.147483648000000000e+09,-2.147483648000000000e+09,-2.147483648000000000e+09,-2.147483648000000000e+09,-2.147483648000000000e+09,-2.147483648000000000e+09,-2.147483648000000000e+09,-2.147483648000000000e+09,-2.147483648000000000e+09,9.918072000000000000e+06,9.918073000000000000e+06,9.918074000000000000e+06,9.918075000000000000e+06,9.918076000000000000e+06,9.918077000000000000e+06,9.918078000000000000e+06,9.918079000000000000e+06,9.918080000000000000e+06,9.918081000000000000e+06,9.918082000000000000e+06,9.918083000000000000e+06,9.918084000000000000e+06,9.918085000000000000e+06,9.918086000000000000e+06,9.918087000000000000e+06,9.918088000000000000e+06,9.918089000000000000e+06,9.918090000000000000e+06,9.918091000000000000e+06,9.918092000000000000e+06,9.918093000000000000e+06,9.918094000000000000e+06,9.918095000000000000e+06,9.918096000000000000e+06,9.918097000000000000e+06,9.918098000000000000e+06,9.918099000000000000e+06,9.918100000000000000e+06,9.918101000000000000e+06,9.918102000000000000e+06,9.918103000000000000e+06,9.918104000000000000e+06,9.918105000000000000e+06,9.918106000000000000e+06,9.918107000000000000e+06,9.918108000000000000e+06,9.918109000000000000e+06,9.918110000000000000e+06,9.918111000000000000e+06,9.918112000000000000e+06,9.918113000000000000e+06,9.918114000000000000e+06,9.918115000000000000e+06,9.918116000000000000e+06,9.918117000000000000e+06,9.918118000000000000e+06,9.918119000000000000e+06,9.918120000000000000e+06,9.918121000000000000e+06,9.918122000000000000e+06,9.918123000000000000e+06,-2.147483648000000000e+09,-2.147483648000000000e+09,-2.147483648000000000e+09,-2.147483648000000000e+09,-2.147483648000000000e+09,-2.147483648000000000e+09,-2.147483648000000000e+09,-2.147483648000000000e+09,-2.147483648000000000e+09
-2.147483648000000000e+09,-2.147483648000000000e+09,-2.147483648000000000e+09,-2.147483648000000000e+09,-2.147483648000000000e+09,-2.147483648000000000e+09,-2.147483648000000000e+09,-2.147483648000000000e+09,-2.147483648000000000e+09,-2.147483648000000000e+09,-2.147483648000000000e+09,-2.147483648000000000e+09,-2.147483648000000000e+09,-2.147483648000000000e+09,-2.147483648000000000e+09,-2.147483648000000000e+09,-2.147483648000000000e+09,-2.147483648000000000e+09,-2.147483648000000000e+09,-2.147483648000000000e+09,-2.147483648000000000e+09,-2.147483648000000000e+09,-2.147483648000000000e+09,-2.147483648000000000e+09,-2.147483648000000000e+09,-2.147483648000000000e+09,-2.147483648000000000e+09,-2.147483648000000000e+09,-2.147483648000000000e+09,-2.147483648000000000e+09,9.925271000000000000e+06,9.925272000000000000e+06,9.925273000000000000e+06,9.925274000000000000e+06,9.925275000000000000e+06,9.925276000000000000e+06,9.925277000000000000e+06,9.925278000000000000e+06,9.925279000000000000e+06,9.925280000000000000e+06,9.925281000000000000e+06,9.925282000000000000e+06,9.925283000000000000e+06,9.925284000000000000e+06,9.925285000000000000e+06,9.925286000000000000e+06,9.925287000000000000e+06,9.925288000000000000e+06,9.925289000000000000e+06,9.925290000000000000e+06,9.925291000000000000e+06,9.925292000000000000e+06,9.925293000000000000e+06,9.925294000000000000e+06,9.925295000000000000e+06,9.925296000000000000e+06,9.925297000000000000e+06,9.925298000000000000e+06,9.925299000000000000e+06,9.925300000000000000e+06,9.925301000000000000e+06,9.925302000000000000e+06,9.925303000000000000e+06,9.925304000000000000e+06,9.925305000000000000e+06,9.925306000000000000e+06,9.925307000000000000e+06,9.925308000000000000e+06,9.925309000000000000e+06,9.925310000000000000e+06,9.925311000000000000e+06,9.925312000000000000e+06,9.925313000000000000e+06,9.925314000000000000e+06,9.925315000000000000e+06,9.925316000000000000e+06,9.925317000000000000e+06,9.925318000000000000e+06,9.925319000000000000e+06,9.925320000000000000e+06,9.925321000000000000e+06,9.925322000000000000e+06,-2.147483648000000000e+09,-2.147483648000000000e+09,-2.147483648000000000e+09,-2.147483648000000000e+09,-2.147483648000000000e+09,-2.147483648000000000e+09,-2.147483648000000000e+09,-2.147483648000000000e+09,-2.147483648000000000e+09,-2.147483648000000000e+09
-2.147483648000000000e+09,-2.147483648000000000e+09,-2.147483648000000000e+09,-2.147483648000000000e+09,-2.147483648000000000e+09,-2.147483648000000000e+09,-2.147483648000000000e+09,-2.147483648000000000e+09,-2.147483648000000000e+09,-2.147483648000000000e+09,-2.147483648000000000e+09,-2.147483648000000000e+09,-2.147483648000000000e+09,-2.147483648000000000e+09,-2.147483648000000000e+09,-2.147483648000000000e+09,-2.147483648000000000e+09,-2.147483648000000000e+09,-2.147483648000000000e+09,-2.147483648000000000e+09,-2.147483648000000000e+09,-2.147483648000000000e+09,-2.147483648000000000e+09,-2.147483648000000000e+09,-2.147483648000000000e+09,-2.147483648000000000e+09,-2.147483648000000000e+09,-2.147483648000000000e+09,-2.147483648000000000e+09,9.932470000000000000e+06,9.932471000000000000e+06,9.932472000000000000e+06,9.932473000000000000e+06,9.932474000000000000e+06,9.932475000000000000e+06,9.932476000000000000e+06,9.932477000000000000e+06,9.932478000000000000e+06,9.932479000000000000e+06,9.932480000000000000e+06,9.932481000000000000e+06,9.932482000000000000e+06,9.932483000000000000e+06,9.932484000000000000e+06,9.932485000000000000e+06,9.932486000000000000e+06,9.932487000000000000e+06,9.932488000000000000e+06,9.932489000000000000e+06,9.932490000000000000e+06,9.932491000000000000e+06,9.932492000000000000e+06,9.932493000000000000e+06,9.932494000000000000e+06,9.932495000000000000e+06,9.932496000000000000e+06,9.932497000000000000e+06,9.932498000000000000e+06,9.932499000000000000e+06,9.932500000000000000e+06,9.932501000000000000e+06,9.932502000000000000e+06,9.932503000000000000e+06,9.932504000000000000e+06,9.932505000000000000e+06,9.932506000000000000e+06,9.932507000000000000e+06,9.932508000000000000e+06,9.932509000000000000e+06,9.932510000000000000e+06,9.932511000000000000e+06,9.932512000000000000e+06,9.932513000000000000e+06,9.932514000000000000e+06,9.932515000000000000e+06,9.932516000000000000e+06,9.932517000000000000e+06,9.932518000000000000e+06,9.932519000000000000e+06,9.932520000000000000e+06,9.932521000000000000e+06,-2.147483648000000000e+09,-2.147483648000000000e+09,-2.147483648000000000e+09,-2.147483648000000000e+09,-2.147483648000000000e+09,-2.147483648000000000e+09,-2.147483648000000000e+09,-2.147483648000000000e+09,-2.147483648000000000e+09,-2.147483648000000000e+09,-2.147483648000000000e+09
-2.147483648000000000e+09,-2.147483648000000000e+09,-2.147483648000000000e+09,-2.147483648000000000e+09,-2.147483648000000000e+09,-2.147483648000000000e+09,-2.147483648000000000e+09,-2.147483648000000000e+09,-2.147483648000000000e+09,-2.147483648000000000e+09,-2.147483648000000000e+09,-2.147483648000000000e+09,-2.147483648000000000e+09,-2.147483648000000000e+09,-2.147483648000000000e+09,-2.147483648000000000e+09,-2.147483648000000000e+09,-2.147483648000000000e+09,-2.147483648000000000e+09,-2.147483648000000000e+09,-2.147483648000000000e+09,-2.147483648000000000e+09,-2.147483648000000000e+09,-2.147483648000000000e+09,-2.147483648000000000e+09,-2.147483648000000000e+09,-2.147483648000000000e+09,-2.147483648000000000e+09,9.939669000000000000e+06,9.939670000000000000e+06,9.939671000000000000e+06,9.939672000000000000e+06,9.939673000000000000e+06,9.939674000000000000e+06,9.939675000000000000e+06,9.939676000000000000e+06,9.939677000000000000e+06,9.939678000000000000e+06,9.939679000000000000e+06,9.939680000000000000e+06,9.939681000000000000e+06,9.939682000000000000e+06,9.939683000000000000e+06,9.939684000000000000e+06,9.939685000000000000e+06,9.939686000000000000e+06,9.939687000000000000e+06,9.939688000000000000e+06,9.939689000000000000e+06,9.939690000000000000e+06,9.939691000000000000e+06,9.939692000000000000e+06,9.939693000000000000e+06,9.939694000000000000e+06,9.939695000000000000e+06,9.939696000000000000e+06,9.939697000000000000e+06,9.939698000000000000e+06,9.939699000000000000e+06,9.939700000000000000e+06,9.939701000000000000e+06,9.939702000000000000e+06,9.939703000000000000e+06,9.939704000000000000e+06,9.939705000000000000e+06,9.939706000000000000e+06,9.939707000000000000e+06,9.939708000000000000e+06,9.939709000000000000e+06,9.939710000000000000e+06,9.939711000000000000e+06,9.939712000000000000e+06,9.939713000000000000e+06,9.939714000000000000e+06,9.939715000000000000e+06,9.939716000000000000e+06,9.939717000000000000e+06,9.939718000000000000e+06,9.939719000000000000e+06,9.939720000000000000e+06,-2.147483648000000000e+09,-2.147483648000000000e+09,-2.147483648000000000e+09,-2.147483648000000000e+09,-2.147483648000000000e+09,-2.147483648000000000e+09,-2.147483648000000000e+09,-2.147483648000000000e+09,-2.147483648000000000e+09,-2.147483648000000000e+09,-2.147483648000000000e+09,-2.147483648000000000e+09
-2.147483648000000000e+09,-2.147483648000000000e+09,-2.147483648000000000e+09,-2.147483648000000000e+09,-2.147483648000000000e+09,-2.147483648000000000e+09,-2.147483648000000000e+09,-2.147483648000000000e+09,-2.147483648000000000e+09,-2.147483648000000000e+09,-2.147483648000000000e+09,-2.147483648000000000e+09,-2.147483648000000000e+09,-2.147483648000000000e+09,-2.147483648000000000e+09,-2.147483648000000000e+09,-2.147483648000000000e+09,-2.147483648000000000e+09,-2.147483648000000000e+09,-2.147483648000000000e+09,-2.147483648000000000e+09,-2.147483648000000000e+09,-2.147483648000000000e+09,-2.147483648000000000e+09,-2.147483648000000000e+09,-2.147483648000000000e+09,-2.147483648000000000e+09,9.946868000000000000e+06,9.946869000000000000e+06,9.946870000000000000e+06,9.946871000000000000e+06,9.946872000000000000e+06,9.946873000000000000e+06,9.946874000000000000e+06,9.946875000000000000e+06,9.946876000000000000e+06,9.946877000000000000e+06,9.946878000000000000e+06,9.946879000000000000e+06,9.946880000000000000e+06,9.946881000000000000e+06,9.946882000000000000e+06,9.946883000000000000e+06,9.946884000000000000e+06,9.946885000000000000e+06,9.946886000000000000e+06,9.946887000000000000e+06,9.946888000000000000e+06,9.946889000000000000e+06,9.946890000000000000e+06,9.946891000000000000e+06,9.946892000000000000e+06,9.946893000000000000e+06,9.946894000000000000e+06,9.946895000000000000e+06,9.946896000000000000e+06,9.946897000000000000e+06,9.946898000000000000e+06,9.946899000000000000e+06,9.946900000000000000e+06,9.946901000000000000e+06,9.946902000000000000e+06,9.946903000000000000e+06,9.946904000000000000e+06,9.946905000000000000e+06,9.946906000000000000e+06,9.946907000000000000e+06,9.946908000000000000e+06,9.946909000000000000e+06,9.946910000000000000e+06,9.946911000000000000e+06,9.946912000000000000e+06,9.946913000000000000e+06,9.946914000000000000e+06,9.946915000000000000e+06,9.946916000000000000e+06,9.946917000000000000e+06,9.946918000000000000e+06,9.946919000000000000e+06,-2.147483648000000000e+09,-2.147483648000000000e+09,-2.147483648000000000e+09,-2.147483648000000000e+09,-2.147483648000000000e+09,-2.147483648000000000e+09,-2.147483648000000000e+09,-2.147483648000000000e+09,-2.147483648000000000e+09,-2.147483648000000000e+09,-2.147483648000000000e+09,-2.147483648000000000e+09,-2.147483648000000000e+09
-2.147483648000000000e+09,-2.147483648000000000e+09,-2.147483648000000000e+09,-2.147483648000000000e+09,-2.147483648000000000e+09,-2.147483648000000000e+09,-2.147483648000000000e+09,-2.147483648000000000e+09,-2.147483648000000000e+09,-2.147483648000000000e+09,-2.147483648000000000e+09,-2.147483648000000000e+09,-2.147483648000000000e+09,-2.147483648000000000e+09,-2.147483648000000000e+09,-2.147483648000000000e+09,-2.147483648000000000e+09,-2.147483648000000000e+09,-2.147483648000000000e+09,-2.147483648000000000e+09,-2.147483648000000000e+09,-2.147483648000000000e+09,-2.147483648000000000e+09,-2.147483648000000000e+09,-2.147483648000000000e+09,-2.147483648000000000e+09,9.954067000000000000e+06,9.954068000000000000e+06,9.954069000000000000e+06,9.954070000000000000e+06,9.954071000000000000e+06,9.954072000000000000e+06,9.954073000000000000e+06,9.954074000000000000e+06,9.954075000000000000e+06,9.954076000000000000e+06,9.954077000000000000e+06,9.954078000000000000e+06,9.954079000000000000e+06,9.954080000000000000e+06,9.954081000000000000e+06,9.954082000000000000e+06,9.954083000000000000e+06,9.954084000000000000e+06,9.954085000000000000e+06,9.954086000000000000e+06,9.954087000000000000e+06,9.954088000000000000e+06,9.954089000000000000e+06,9.954090000000000000e+06,9.954091000000000000e+06,9.954092000000000000e+06,9.954093000000000000e+06,9.954094000000000000e+06,9.954095000000000000e+06,9.954096000000000000e+06,9.954097000000000000e+06,9.954098000000000000e+06,9.954099000000000000e+06,9.954100000000000000e+06,9.954101000000000000e+06,9.954102000000000000e+06,9.954103000000000000e+06,9.954104000000000000e+06,9.954105000000000000e+06,9.954106000000000000e+06,9.954107000000000000e+06,9.954108000000000000e+06,9.954109000000000000e+06,9.954110000000000000e+06,9.954111000000000000e+06,9.954112000000000000e+06,9.954113000000000000e+06,9.954114000000000000e+06,9.954115000000000000e+06,9.954116000000000000e+06,9.954117000000000000e+06,9.954118000000000000e+06,-2.147483648000000000e+09,-2.147483648000000000e+09,-2.147483648000000000e+09,-2.147483648000000000e+09,-2.147483648000000000e+09,-2.147483648000000000e+09,-2.147483648000000000e+09,-2.147483648000000000e+09,-2.147483648000000000e+09,-2.147483648000000000e+09,-2.147483648000000000e+09,-2.147483648000000000e+09,-2.147483648000000000e+09,-2.147483648000000000e+09
-2.147483648000000000e+09,-2.147483648000000000e+09,-2.147483648000000000e+09,-2.147483648000000000e+09,-2.147483648000000000e+09,-2.147483648000000000e+09,-2.147483648000000000e+09,-2.147483648000000000e+09,-2.147483648000000000e+09,-2.147483648000000000e+09,-2.147483648000000000e+09,-2.147483648000000000e+09,-2.147483648000000000e+09,-2.147483648000000000e+09,-2.147483648000000000e+09,-2.147483648000000000e+09,-2.147483648000000000e+09,-2.147483648000000000e+09,-2.147483648000000000e+09,-2.147483648000000000e+09,-2.147483648000000000e+09,-2.147483648000000000e+09,-2.147483648000000000e+09,-2.147483648000000000e+09,-2.147483648000000000e+09,9.961266000000000000e+06,9.961267000000000000e+06,9.961268000000000000e+06,9.961269000000000000e+06,9.961270000000000000e+06,9.961271000000000000e+06,9.961272000000000000e+06,9.961273000000000000e+06,9.961274000000000000e+06,9.961275000000000000e+06,9.961276000000000000e+06,9.961277000000000000e+06,9.961278000000000000e+06,9.961279000000000000e+06,9.961280000000000000e+06,9.961281000000000000e+06,9.961282000000000000e+06,9.961283000000000000e+06,9.961284000000000000e+06,9.961285000000000000e+06,9.961286000000000000e+06,9.961287000000000000e+06,9.961288000000000000e+06,9.961289000000000000e+06,9.961290000000000000e+06,9.961291000000000000e+06,9.961292000000000000e+06,9.961293000000000000e+06,9.961294000000000000e+06,9.961295000000000000e+06,9.961296000000000000e+06,9.961297000000000000e+06,9.961298000000000000e+06,9.961299000000000000e+06,9.961300000000000000e+06,9.961301000000000000e+06,9.961302000000000000e+06,9.961303000000000000e+06,9.961304000000000000e+06,9.961305000000000000e+06,9.961306000000000000e+06,9.961307000000000000e+06,9.961308000000000000e+06,9.961309000000000000e+06,9.961310000000000000e+06,9.961311000000000000e+06,9.961312000000000000e+06,9.961313000000000000e+06,9.961314000000000000e+06,9.961315000000000000e+06,9.961316000000000000e+06,9.961317000000000000e+06,-2.147483648000000000e+09,-2.147483648000000000e+09,-2.147483648000000000e+09,-2.147483648000000000e+09,-2.147483648000000000e+09,-2.147483648000000000e+09,-2.147483648000000000e+09,-2.147483648000000000e+09,-2.147483648000000000e+09,-2.147483648000000000e+09,-2.147483648000000000e+09,-2.147483648000000000e+09,-2.147483648000000000e+09,-2.147483648000000000e+09,-2.147483648000000000e+09
-2.147483648000000000e+09,-2.147483648000000000e+09,-2.147483648000000000e+09,-2.147483648000000000e+09,-2.147483648000000000e+09,-2.147483648000000000e+09,-2.147483648000000000e+09,-2.147483648000000000e+09,-2.147483648000000000e+09,-2.147483648000000000e+09,-2.147483648000000000e+09,-2.147483648000000000e+09,-2.147483648000000000e+09,-2.147483648000000000e+09,-2.147483648000000000e+09,-2.147483648000000000e+09,-2.147483648000000000e+09,-2.147483648000000000e+09,-2.147483648000000000e+09,-2.147483648000000000e+09,-2.147483648000000000e+09,-2.147483648000000000e+09,-2.147483648000000000e+09,-2.147483648000000000e+09,9.968465000000000000e+06,9.968466000000000000e+06,9.968467000000000000e+06,9.968468000000000000e+06,9.968469000000000000e+06,9.968470000000000000e+06,9.968471000000000000e+06,9.968472000000000000e+06,9.968473000000000000e+06,9.968474000000000000e+06,9.968475000000000000e+06,9.968476000000000000e+06,9.968477000000000000e+06,9.968478000000000000e+06,9.968479000000000000e+06,9.968480000000000000e+06,9.968481000000000000e+06,9.968482000000000000e+06,9.968483000000000000e+06,9.968484000000000000e+06,9.968485000000000000e+06,9.968486000000000000e+06,9.968487000000000000e+06,9.968488000000000000e+06,9.968489000000000000e+06,9.968490000000000000e+06,9.968491000000000000e+06,9.968492000000000000e+06,9.968493000000000000e+06,9.968494000000000000e+06,9.968495000000000000e+06,9.968496000000000000e+06,9.968497000000000000e+06,9.968498000000000000e+06,9.968499000000000000e+06,9.968500000000000000e+06,9.968501000000000000e+06,9.968502000000000000e+06,9.968503000000000000e+06,9.968504000000000000e+06,9.968505000000000000e+06,9.968506000000000000e+06,9.968507000000000000e+06,9.968508000000000000e+06,9.968509000000000000e+06,9.968510000000000000e+06,9.968511000000000000e+06,9.968512000000000000e+06,9.968513000000000000e+06,9.968514000000000000e+06,9.968515000000000000e+06,9.968516000000000000e+06,9.968517000000000000e+06,-2.147483648000000000e+09,-2.147483648000000000e+09,-2.147483648000000000e+09,-2.147483648000000000e+09,-2.147483648000000000e+09,-2.147483648000000000e+09,-2.147483648000000000e+09,-2.147483648000000000e+09,-2.147483648000000000e+09,-2.147483648000000000e+09,-2.147483648000000000e+09,-2.147483648000000000e+09,-2.147483648000000000e+09,-2.147483648000000000e+09,-2.147483648000000000e+09
-2.147483648000000000e+09,-2.147483648000000000e+09,-2.147483648000000000e+09,-2.147483648000000000e+09,-2.147483648000000000e+09,-2.147483648000000000e+09,-2.147483648000000000e+09,-2.147483648000000000e+09,-2.147483648000000000e+09,-2.147483648000000000e+09,-2.147483648000000000e+09,-2.147483648000000000e+09,-2.147483648000000000e+09,-2.147483648000000000e+09,-2.147483648000000000e+09,-2.147483648000000000e+09,-2.147483648000000000e+09,-2.147483648000000000e+09,-2.147483648000000000e+09,-2.147483648000000000e+09,-2.147483648000000000e+09,-2.147483648000000000e+09,-2.147483648000000000e+09,9.975664000000000000e+06,9.975665000000000000e+06,9.975666000000000000e+06,9.975667000000000000e+06,9.975668000000000000e+06,9.975669000000000000e+06,9.975670000000000000e+06,9.975671000000000000e+06,9.975672000000000000e+06,9.975673000000000000e+06,9.975674000000000000e+06,9.975675000000000000e+06,9.975676000000000000e+06,9.975677000000000000e+06,9.975678000000000000e+06,9.975679000000000000e+06,9.975680000000000000e+06,9.975681000000000000e+06,9.975682000000000000e+06,9.975683000000000000e+06,9.975684000000000000e+06,9.975685000000000000e+06,9.975686000000000000e+06,9.975687000000000000e+06,9.975688000000000000e+06,9.975689000000000000e+06,9.975690000000000000e+06,9.975691000000000000e+06,9.975692000000000000e+06,9.975693000000000000e+06,9.975694000000000000e+06,9.975695000000000000e+06,9.975696000000000000e+06,9.975697000000000000e+06,9.975698000000000000e+06,9.975699000000000000e+06,9.975700000000000000e+06,9.975701000000000000e+06,9.975702000000000000e+06,9.975703000000000000e+06,9.975704000000000000e+06,9.975705000000000000e+06,9.975706000000000000e+06,9.975707000000000000e+06,9.975708000000000000e+06,9.975709000000000000e+06,9.975710000000000000e+06,9.975711000000000000e+06,9.975712000000000000e+06,9.975713000000000000e+06,9.975714000000000000e+06,9.975715000000000000e+06,9.975716000000000000e+06,-2.147483648000000000e+09,-2.147483648000000000e+09,-2.147483648000000000e+09,-2.147483648000000000e+09,-2.147483648000000000e+09,-2.147483648000000000e+09,-2.147483648000000000e+09,-2.147483648000000000e+09,-2.147483648000000000e+09,-2.147483648000000000e+09,-2.147483648000000000e+09,-2.147483648000000000e+09,-2.147483648000000000e+09,-2.147483648000000000e+09,-2.147483648000000000e+09,-2.147483648000000000e+09
-2.147483648000000000e+09,-2.147483648000000000e+09,-2.147483648000000000e+09,-2.147483648000000000e+09,-2.147483648000000000e+09,-2.147483648000000000e+09,-2.147483648000000000e+09,-2.147483648000000000e+09,-2.147483648000000000e+09,-2.147483648000000000e+09,-2.147483648000000000e+09,-2.147483648000000000e+09,-2.147483648000000000e+09,-2.147483648000000000e+09,-2.147483648000000000e+09,-2.147483648000000000e+09,-2.147483648000000000e+09,-2.147483648000000000e+09,-2.147483648000000000e+09,-2.147483648000000000e+09,-2.147483648000000000e+09,-2.147483648000000000e+09,9.982863000000000000e+06,9.982864000000000000e+06,9.982865000000000000e+06,9.982866000000000000e+06,9.982867000000000000e+06,9.982868000000000000e+06,9.982869000000000000e+06,9.982870000000000000e+06,9.982871000000000000e+06,9.982872000000000000e+06,9.982873000000000000e+06,9.982874000000000000e+06,9.982875000000000000e+06,9.982876000000000000e+06,9.982877000000000000e+06,9.982878000000000000e+06,9.982879000000000000e+06,9.982880000000000000e+06,9.982881000000000000e+06,9.982882000000000000e+06,9.982883000000000000e+06,9.982884000000000000e+06,9.982885000000000000e+06,9.982886000000000000e+06,9.982887000000000000e+06,9.982888000000000000e+06,9.982889000000000000e+06,9.982890000000000000e+06,9.982891000000000000e+06,9.982892000000000000e+06,9.982893000000000000e+06,9.982894000000000000e+06,9.982895000000000000e+06,9.982896000000000000e+06,9.982897000000000000e+06,9.982898000000000000e+06,9.982899000000000000e+06,9.982900000000000000e+06,9.982901000000000000e+06,9.982902000000000000e+06,9.982903000000000000e+06,9.982904000000000000e+06,9.982905000000000000e+06,9.982906000000000000e+06,9.982907000000000000e+06,9.982908000000000000e+06,9.982909000000000000e+06,9.982910000000000000e+06,9.982911000000000000e+06,9.982912000000000000e+06,9.982913000000000000e+06,9.982914000000000000e+06,9.982915000000000000e+06,-2.147483648000000000e+09,-2.147483648000000000e+09,-2.147483648000000000e+09,-2.147483648000000000e+09,-2.147483648000000000e+09,-2.147483648000000000e+09,-2.147483648000000000e+09,-2.147483648000000000e+09,-2.147483648000000000e+09,-2.147483648000000000e+09,-2.147483648000000000e+09,-2.147483648000000000e+09,-2.147483648000000000e+09,-2.147483648000000000e+09,-2.147483648000000000e+09,-2.147483648000000000e+09,-2.147483648000000000e+09
-2.147483648000000000e+09,-2.147483648000000000e+09,-2.147483648000000000e+09,-2.147483648000000000e+09,-2.147483648000000000e+09,-2.147483648000000000e+09,-2.147483648000000000e+09,-2.147483648000000000e+09,-2.147483648000000000e+09,-2.147483648000000000e+09,-2.147483648000000000e+09,-2.147483648000000000e+09,-2.147483648000000000e+09,-2.147483648000000000e+09,-2.147483648000000000e+09,-2.147483648000000000e+09,-2.147483648000000000e+09,-2.147483648000000000e+09,-2.147483648000000000e+09,-2.147483648000000000e+09,-2.147483648000000000e+09,-2.147483648000000000e+09,9.990063000000000000e+06,9.990064000000000000e+06,9.990065000000000000e+06,9.990066000000000000e+06,9.990067000000000000e+06,9.990068000000000000e+06,9.990069000000000000e+06,9.990070000000000000e+06,9.990071000000000000e+06,9.990072000000000000e+06,9.990073000000000000e+06,9.990074000000000000e+06,9.990075000000000000e+06,9.990076000000000000e+06,9.990077000000000000e+06,9.990078000000000000e+06,9.990079000000000000e+06,9.990080000000000000e+06,9.990081000000000000e+06,9.990082000000000000e+06,9.990083000000000000e+06,9.990084000000000000e+06,9.990085000000000000e+06,9.990086000000000000e+06,9.990087000000000000e+06,9.990088000000000000e+06,9.990089000000000000e+06,9.990090000000000000e+06,9.990091000000000000e+06,9.990092000000000000e+06,9.990093000000000000e+06,9.990094000000000000e+06,9.990095000000000000e+06,9.990096000000000000e+06,9.990097000000000000e+06,9.990098000000000000e+06,9.990099000000000000e+06,9.990100000000000000e+06,9.990101000000000000e+06,9.990102000000000000e+06,9.990103000000000000e+06,9.990104000000000000e+06,9.990105000000000000e+06,9.990106000000000000e+06,9.990107000000000000e+06,9.990108000000000000e+06,9.990109000000000000e+06,9.990110000000000000e+06,9.990111000000000000e+06,9.990112000000000000e+06,9.990113000000000000e+06,9.990114000000000000e+06,-2.147483648000000000e+09,-2.147483648000000000e+09,-2.147483648000000000e+09,-2.147483648000000000e+09,-2.147483648000000000e+09,-2.147483648000000000e+09,-2.147483648000000000e+09,-2.147483648000000000e+09,-2.147483648000000000e+09,-2.147483648000000000e+09,-2.147483648000000000e+09,-2.147483648000000000e+09,-2.147483648000000000e+09,-2.147483648000000000e+09,-2.147483648000000000e+09,-2.147483648000000000e+09,-2.147483648000000000e+09,-2.147483648000000000e+09
-2.147483648000000000e+09,-2.147483648000000000e+09,-2.147483648000000000e+09,-2.147483648000000000e+09,-2.147483648000000000e+09,-2.147483648000000000e+09,-2.147483648000000000e+09,-2.147483648000000000e+09,-2.147483648000000000e+09,-2.147483648000000000e+09,-2.147483648000000000e+09,-2.147483648000000000e+09,-2.147483648000000000e+09,-2.147483648000000000e+09,-2.147483648000000000e+09,-2.147483648000000000e+09,-2.147483648000000000e+09,-2.147483648000000000e+09,-2.147483648000000000e+09,-2.147483648000000000e+09,-2.147483648000000000e+09,9.997262000000000000e+06,9.997263000000000000e+06,9.997264000000000000e+06,9.997265000000000000e+06,9.997266000000000000e+06,9.997267000000000000e+06,9.997268000000000000e+06,9.997269000000000000e+06,9.997270000000000000e+06,9.997271000000000000e+06,9.997272000000000000e+06,9.997273000000000000e+06,9.997274000000000000e+06,9.997275000000000000e+06,9.997276000000000000e+06,9.997277000000000000e+06,9.997278000000000000e+06,9.997279000000000000e+06,9.997280000000000000e+06,9.997281000000000000e+06,9.997282000000000000e+06,9.997283000000000000e+06,9.997284000000000000e+06,9.997285000000000000e+06,9.997286000000000000e+06,9.997287000000000000e+06,9.997288000000000000e+06,9.997289000000000000e+06,9.997290000000000000e+06,9.997291000000000000e+06,9.997292000000000000e+06,9.997293000000000000e+06,9.997294000000000000e+06,9.997295000000000000e+06,9.997296000000000000e+06,9.997297000000000000e+06,9.997298000000000000e+06,9.997299000000000000e+06,9.997300000000000000e+06,9.997301000000000000e+06,9.997302000000000000e+06,9.997303000000000000e+06,9.997304000000000000e+06,9.997305000000000000e+06,9.997306000000000000e+06,9.997307000000000000e+06,9.997308000000000000e+06,9.997309000000000000e+06,9.997310000000000000e+06,9.997311000000000000e+06,9.997312000000000000e+06,9.997313000000000000e+06,-2.147483648000000000e+09,-2.147483648000000000e+09,-2.147483648000000000e+09,-2.147483648000000000e+09,-2.147483648000000000e+09,-2.147483648000000000e+09,-2.147483648000000000e+09,-2.147483648000000000e+09,-2.147483648000000000e+09,-2.147483648000000000e+09,-2.147483648000000000e+09,-2.147483648000000000e+09,-2.147483648000000000e+09,-2.147483648000000000e+09,-2.147483648000000000e+09,-2.147483648000000000e+09,-2.147483648000000000e+09,-2.147483648000000000e+09,-2.147483648000000000e+09
-2.147483648000000000e+09,-2.147483648000000000e+09,-2.147483648000000000e+09,-2.147483648000000000e+09,-2.147483648000000000e+09,-2.147483648000000000e+09,-2.147483648000000000e+09,-2.147483648000000000e+09,-2.147483648000000000e+09,-2.147483648000000000e+09,-2.147483648000000000e+09,-2.147483648000000000e+09,-2.147483648000000000e+09,-2.147483648000000000e+09,-2.147483648000000000e+09,-2.147483648000000000e+09,-2.147483648000000000e+09,-2.147483648000000000e+09,-2.147483648000000000e+09,-2.147483648000000000e+09,1.000446100000000000e+07,1.000446200000000000e+07,1.000446300000000000e+07,1.000446400000000000e+07,1.000446500000000000e+07,1.000446600000000000e+07,1.000446700000000000e+07,1.000446800000000000e+07,1.000446900000000000e+07,1.000447000000000000e+07,1.000447100000000000e+07,1.000447200000000000e+07,1.000447300000000000e+07,1.000447400000000000e+07,1.000447500000000000e+07,1.000447600000000000e+07,1.000447700000000000e+07,1.000447800000000000e+07,1.000447900000000000e+07,1.000448000000000000e+07,1.000448100000000000e+07,1.000448200000000000e+07,1.000448300000000000e+07,1.000448400000000000e+07,1.000448500000000000e+07,1.000448600000000000e+07,1.000448700000000000e+07,1.000448800000000000e+07,1.000448900000000000e+07,1.000449000000000000e+07,1.000449100000000000e+07,1.000449200000000000e+07,1.000449300000000000e+07,1.000449400000000000e+07,1.000449500000000000e+07,1.000449600000000000e+07,1.000449700000000000e+07,1.000449800000000000e+07,1.000449900000000000e+07,1.000450000000000000e+07,1.000450100000000000e+07,1.000450200000000000e+07,1.000450300000000000e+07,1.000450400000000000e+07,1.000450500000000000e+07,1.000450600000000000e+07,1.000450700000000000e+07,1.000450800000000000e+07,1.000450900000000000e+07,1.000451000000000000e+07,1.000451100000000000e+07,1.000451200000000000e+07,-2.147483648000000000e+09,-2.147483648000000000e+09,-2.147483648000000000e+09,-2.147483648000000000e+09,-2.147483648000000000e+09,-2.147483648000000000e+09,-2.147483648000000000e+09,-2.147483648000000000e+09,-2.147483648000000000e+09,-2.147483648000000000e+09,-2.147483648000000000e+09,-2.147483648000000000e+09,-2.147483648000000000e+09,-2.147483648000000000e+09,-2.147483648000000000e+09,-2.147483648000000000e+09,-2.147483648000000000e+09,-2.147483648000000000e+09,-2.147483648000000000e+09,-2.147483648000000000e+09
-2.147483648000000000e+09,-2.147483648000000000e+09,-2.147483648000000000e+09,-2.147483648000000000e+09,-2.147483648000000000e+09,-2.147483648000000000e+09,-2.147483648000000000e+09,-2.147483648000000000e+09,-2.147483648000000000e+09,-2.147483648000000000e+09,-2.147483648000000000e+09,-2.147483648000000000e+09,-2.147483648000000000e+09,-2.147483648000000000e+09,-2.147483648000000000e+09,-2.147483648000000000e+09,-2.147483648000000000e+09,-2.147483648000000000e+09,-2.147483648000000000e+09,1.001166000000000000e+07,1.001166100000000000e+07,1.001166200000000000e+07,1.001166300000000000e+07,1.001166400000000000e+07,1.001166500000000000e+07,1.001166600000000000e+07,1.001166700000000000e+07,1.001166800000000000e+07,1.001166900000000000e+07,1.001167000000000000e+07,1.001167100000000000e+07,1.001167200000000000e+07,1.001167300000000000e+07,1.001167400000000000e+07,1.001167500000000000e+07,1.001167600000000000e+07,1.001167700000000000e+07,1.001167800000000000e+07,1.001167900000000000e+07,1.001168000000000000e+07,1.001168100000000000e+07,1.001168200000000000e+07,1.001168300000000000e+07,1.001168400000000000e+07,1.001168500000000000e+07,1.001168600000000000e+07,1.001168700000000000e+07,1.001168800000000000e+07,1.001168900000000000e+07,1.001169000000000000e+07,1.001169100000000000e+07,1.001169200000000000e+07,1.001169300000000000e+07,1.001169400000000000e+07,1.001169500000000000e+07,1.001169600000000000e+07,1.001169700000000000e+07,1.001169800000000000e+07,1.001169900000000000e+07,1.001170000000000000e+07,1.001170100000000000e+07,1.001170200000000000e+07,1.001170300000000000e+07,1.001170400000000000e+07,1.001170500000000000e+07,1.001170600000000000e+07,1.001170700000000000e+07,1.001170800000000000e+07,1.001170900000000000e+07,1.001171000000000000e+07,1.001171100000000000e+07,-2.147483648000000000e+09,-2.147483648000000000e+09,-2.147483648000000000e+09,-2.147483648000000000e+09,-2.147483648000000000e+09,-2.147483648000000000e+09,-2.147483648000000000e+09,-2.147483648000000000e+09,-2.147483648000000000e+09,-2.147483648000000000e+09,-2.147483648000000000e+09,-2.147483648000000000e+09,-2.147483648000000000e+09,-2.147483648000000000e+09,-2.147483648000000000e+09,-2.147483648000000000e+09,-2.147483648000000000e+09,-2.147483648000000000e+09,-2.147483648000000000e+09,-2.147483648000000000e+09,-2.147483648000000000e+09
-2.147483648000000000e+09,-2.147483648000000000e+09,-2.147483648000000000e+09,-2.147483648000000000e+09,-2.147483648000000000e+09,-2.147483648000000000e+09,-2.147483648000000000e+09,-2.147483648000000000e+09,-2.147483648000000000e+09,-2.147483648000000000e+09,-2.147483648000000000e+09,-2.147483648000000000e+09,-2.147483648000000000e+09,-2.147483648000000000e+09,-2.147483648000000000e+09,-2.147483648000000000e+09,-2.147483648000000000e+09,-2.147483648000000000e+09,1.001886000000000000e+07,1.001886000000000000e+07,1.001886100000000000e+07,1.001886200000000000e+07,1.001886300000000000e+07,1.001886400000000000e+07,1.001886500000000000e+07,1.001886600000000000e+07,1.001886700000000000e+07,1.001886800000000000e+07,1.001886900000000000e+07,1.001887000000000000e+07,1.001887100000000000e+07,1.001887200000000000e+07,1.001887300000000000e+07,1.001887400000000000e+07,1.001887500000000000e+07,1.001887600000000000e+07,1.001887700000000000e+07,1.001887800000000000e+07,1.001887900000000000e+07,1.001888000000000000e+07,1.001888100000000000e+07,1.001888200000000000e+07,1.001888300000000000e+07,1.001888400000000000e+07,1.001888500000000000e+07,1.001888600000000000e+07,1.001888700000000000e+07,1.001888800000000000e+07,1.001888900000000000e+07,1.001889000000000000e+07,1.001889100000000000e+07,1.001889200000000000e+07,1.001889300000000000e+07,1.001889400000000000e+07,1.001889500000000000e+07,1.001889600000000000e+07,1.001889700000000000e+07,1.001889800000000000e+07,1.001889900000000000e+07,1.001890000000000000e+07,1.001890100000000000e+07,1.001890200000000000e+07,1.001890300000000000e+07,1.001890400000000000e+07,1.001890500000000000e+07,1.001890600000000000e+07,1.001890700000000000e+07,1.001890800000000000e+07,1.001890900000000000e+07,1.001891000000000000e+07,-2.147483648000000000e+09,-2.147483648000000000e+09,-2.147483648000000000e+09,-2.147483648000000000e+09,-2.147483648000000000e+09,-2.147483648000000000e+09,-2.147483648000000000e+09,-2.147483648000000000e+09,-2.147483648000000000e+09,-2.147483648000000000e+09,-2.147483648000000000e+09,-2.147483648000000000e+09,-2.147483648000000000e+09,-2.147483648000000000e+09,-2.147483648000000000e+09,-2.147483648000000000e+09,-2.147483648000000000e+09,-2.147483648000000000e+09,-2.147483648000000000e+09,-2.147483648000000000e+09,-2.147483648000000000e+09,-2.147483648000000000e+09
-2.147483648000000000e+09,-2.147483648000000000e+09,-2.147483648000000000e+09,-2.147483648000000000e+09,-2.147483648000000000e+09,-2.147483648000000000e+09,-2.147483648000000000e+09,-2.147483648000000000e+09,-2.147483648000000000e+09,-2.147483648000000000e+09,-2.147483648000000000e+09,-2.147483648000000000e+09,-2.147483648000000000e+09,-2.147483648000000000e+09,-2.147483648000000000e+09,-2.147483648000000000e+09,-2.147483648000000000e+09,1.002605900000000000e+07,1.002606000000000000e+07,1.002606000000000000e+07,1.002606100000000000e+07,1.002606200000000000e+07,1.002606300000000000e+07,1.002606400000000000e+07,1.002606500000000000e+07,1.002606600000000000e+07,1.002606700000000000e+07,1.002606800000000000e+07,1.002606900000000000e+07,1.002607000000000000e+07,1.002607100000000000e+07,1.002607200000000000e+07,1.002607300000000000e+07,1.002607400000000000e+07,1.002607500000000000e+07,1.002607600000000000e+07,1.002607700000000000e+07,1.002607800000000000e+07,1.002607900000000000e+07,1.002608000000000000e+07,1.002608100000000000e+07,1.002608200000000000e+07,1.002608300000000000e+07,1.002608400000000000e+07,1.002608500000000000e+07,1.002608600000000000e+07,1.002608700000000000e+07,1.002608800000000000e+07,1.002608900000000000e+07,1.002609000000000000e+07,1.002609100000000000e+07,1.002609200000000000e+07,1.002609300000000000e+07,1.002609400000000000e+07,1.002609500000000000e+07,1.002609600000000000e+07,1.002609700000000000e+07,1.002609800000000000e+07,1.002609900000000000e+07,1.002610000000000000e+07,1.002610100000000000e+07,1.002610200000000000e+07,1.002610300000000000e+07,1.002610400000000000e+07,1.002610500000000000e+07,1.002610600000000000e+07,1.002610700000000000e+07,1.002610800000000000e+07,1.002610900000000000e+07,-2.147483648000000000e+09,-2.147483648000000000e+09,-2.147483648000000000e+09,-2.147483648000000000e+09,-2.147483648000000000e+09,-2.147483648000000000e+09,-2.147483648000000000e+09,-2.147483648000000000e+09,-2.147483648000000000e+09,-2.147483648000000000e+09,-2.147483648000000000e+09,-2.147483648000000000e+09,-2.147483648000000000e+09,-2.147483648000000000e+09,-2.147483648000000000e+09,-2.147483648000000000e+09,-2.147483648000000000e+09,-2.147483648000000000e+09,-2.147483648000000000e+09,-2.147483648000000000e+09,-2.147483648000000000e+09,-2.147483648000000000e+09,-2.147483648000000000e+09
-2.147483648000000000e+09,-2.147483648000000000e+09,-2.147483648000000000e+09,-2.147483648000000000e+09,-2.147483648000000000e+09,-2.147483648000000000e+09,-2.147483648000000000e+09,-2.147483648000000000e+09,-2.147483648000000000e+09,-2.147483648000000000e+09,-2.147483648000000000e+09,-2.147483648000000000e+09,-2.147483648000000000e+09,-2.147483648000000000e+09,-2.147483648000000000e+09,-2.147483648000000000e+09,1.003325800000000000e+07,1.003325900000000000e+07,1.003326000000000000e+07,1.003326000000000000e+07,1.003326100000000000e+07,1.003326200000000000e+07,1.003326300000000000e+07,1.003326400000000000e+07,1.003326500000000000e+07,1.003326600000000000e+07,1.003326700000000000e+07,1.003326800000000000e+07,1.003326900000000000e+07,1.003327000000000000e+07,1.003327100000000000e+07,1.003327200000000000e+07,1.003327300000000000e+07,1.003327400000000000e+07,1.003327500000000000e+07,1.003327600000000000e+07,1.003327700000000000e+07,1.003327800000000000e+07,1.003327900000000000e+07,1.003328000000000000e+07,1.003328100000000000e+07,1.003328200000000000e+07,1.003328300000000000e+07,1.003328400000000000e+07,1.003328500000000000e+07,1.003328600000000000e+07,1.003328700000000000e+07,1.003328800000000000e+07,1.003328900000000000e+07,1.003329000000000000e+07,1.003329100000000000e+07,1.003329200000000000e+07,1.003329300000000000e+07,1.003329400000000000e+07,1.003329500000000000e+07,1.003329600000000000e+07,1.003329700000000000e+07,1.003329800000000000e+07,1.003329900000000000e+07,1.003330000000000000e+07,1.003330100000000000e+07,1.003330200000000000e+07,1.003330300000000000e+07,1.003330400000000000e+07,1.003330500000000000e+07,1.003330600000000000e+07,1.003330700000000000e+07,1.003330800000000000e+07,-2.147483648000000000e+09,-2.147483648000000000e+09,-2.147483648000000000e+09,-2.147483648000000000e+09,-2.147483648000000000e+09,-2.147483648000000000e+09,-2.147483648000000000e+09,-2.147483648000000000e+09,-2.147483648000000000e+09,-2.147483648000000000e+09,-2.147483648000000000e+09,-2.147483648000000000e+09,-2.147483648000000000e+09,-2.147483648000000000e+09,-2.147483648000000000e+09,-2.147483648000000000e+09,-2.147483648000000000e+09,-2.147483648000000000e+09,-2.147483648000000000e+09,-2.147483648000000000e+09,-2.147483648000000000e+09,-2.147483648000000000e+09,-2.147483648000000000e+09,-2.147483648000000000e+09
-2.147483648000000000e+09,-2.147483648000000000e+09,-2.147483648000000000e+09,-2.147483648000000000e+09,-2.147483648000000000e+09,-2.147483648000000000e+09,-2.147483648000000000e+09,-2.147483648000000000e+09,-2.147483648000000000e+09,-2.147483648000000000e+09,-2.147483648000000000e+09,-2.147483648000000000e+09,-2.147483648000000000e+09,-2.147483648000000000e+09,-2.147483648000000000e+09,1.004045700000000000e+07,1.004045800000000000e+07,1.004045900000000000e+07,1.004046000000000000e+07,1.004046000000000000e+07,1.004046100000000000e+07,1.004046200000000000e+07,1.004046300000000000e+07,1.004046400000000000e+07,1.004046500000000000e+07,1.004046600000000000e+07,1.004046700000000000e+07,1.004046800000000000e+07,1.004046900000000000e+07,1.004047000000000000e+07,1.004047100000000000e+07,1.004047200000000000e+07,1.004047300000000000e+07,1.004047400000000000e+07,1.004047500000000000e+07,1.004047600000000000e+07,1.004047700000000000e+07,1.004047800000000000e+07,1.004047900000000000e+07,1.004048000000000000e+07,1.004048100000000000e+07,1.004048200000000000e+07,1.004048300000000000e+07,1.004048400000000000e+07,1.004048500000000000e+07,1.004048600000000000e+07,1.004048700000000000e+07,1.004048800000000000e+07,1.004048900000000000e+07,1.004049000000000000e+07,1.004049100000000000e+07,1.004049200000000000e+07,1.004049300000000000e+07,1.004049400000000000e+07,1.004049500000000000e+07,1.004049600000000000e+07,1.004049700000000000e+07,1.004049800000000000e+07,1.004049900000000000e+07,1.004050000000000000e+07,1.004050100000000000e+07,1.004050200000000000e+07,1.004050300000000000e+07,1.004050400000000000e+07,1.004050500000000000e+07,1.004050600000000000e+07,1.004050700000000000e+07,-2.147483648000000000e+09,-2.147483648000000000e+09,-2.147483648000000000e+09,-2.147483648000000000e+09,-2.147483648000000000e+09,-2.147483648000000000e+09,-2.147483648000000000e+09,-2.147483648000000000e+09,-2.147483648000000000e+09,-2.147483648000000000e+09,-2.147483648000000000e+09,-2.147483648000000000e+09,-2.147483648000000000e+09,-2.147483648000000000e+09,-2.147483648000000000e+09,-2.147483648000000000e+09,-2.147483648000000000e+09,-2.147483648000000000e+09,-2.147483648000000000e+09,-2.147483648000000000e+09,-2.147483648000000000e+09,-2.147483648000000000e+09,-2.147483648000000000e+09,-2.147483648000000000e+09,-2.147483648000000000e+09
-2.147483648000000000e+09,-2.147483648000000000e+09,-2.147483648000000000e+09,-2.147483648000000000e+09,-2.147483648000000000e+09,-2.147483648000000000e+09,-2.147483648000000000e+09,-2.147483648000000000e+09,-2.147483648000000000e+09,-2.147483648000000000e+09,-2.147483648000000000e+09,-2.147483648000000000e+09,-2.147483648000000000e+09,-2.147483648000000000e+09,1.004765600000000000e+07,1.004765700000000000e+07,1.004765800000000000e+07,1.004765900000000000e+07,1.004766000000000000e+07,1.004766000000000000e+07,1.004766100000000000e+07,1.004766200000000000e+07,1.004766300000000000e+07,1.004766400000000000e+07,1.004766500000000000e+07,1.004766600000000000e+07,1.004766700000000000e+07,1.004766800000000000e+07,1.004766900000000000e+07,1.004767000000000000e+07,1.004767100000000000e+07,1.004767200000000000e+07,1.004767300000000000e+07,1.004767400000000000e+07,1.004767500000000000e+07,1.004767600000000000e+07,1.004767700000000000e+07,1.004767800000000000e+07,1.004767900000000000e+07,1.004768000000000000e+07,1.004768100000000000e+07,1.004768200000000000e+07,1.004768300000000000e+07,1.004768400000000000e+07,1.004768500000000000e+07,1.004768600000000000e+07,1.004768700000000000e+07,1.004768800000000000e+07,1.004768900000000000e+07,1.004769000000000000e+07,1.004769100000000000e+07,1.004769200000000000e+07,1.004769300000000000e+07,1.004769400000000000e+07,1.004769500000000000e+07,1.004769600000000000e+07,1.004769700000000000e+07,1.004769800000000000e+07,1.004769900000000000e+07,1.004770000000000000e+07,1.004770100000000000e+07,1.004770200000000000e+07,1.004770300000000000e+07,1.004770400000000000e+07,1.004770500000000000e+07,1.004770600000000000e+07,-2.147483648000000000e+09,-2.147483648000000000e+09,-2.147483648000000000e+09,-2.147483648000000000e+09,-2.147483648000000000e+09,-2.147483648000000000e+09,-2.147483648000000000e+09,-2.147483648000000000e+09,-2.147483648000000000e+09,-2.147483648000000000e+09,-2.147483648000000000e+09,-2.147483648000000000e+09,-2.147483648000000000e+09,-2.147483648000000000e+09,-2.147483648000000000e+09,-2.147483648000000000e+09,-2.147483648000000000e+09,-2.147483648000000000e+09,-2.147483648000000000e+09,-2.147483648000000000e+09,-2.147483648000000000e+09,-2.147483648000000000e+09,-2.147483648000000000e+09,-2.147483648000000000e+09,-2.147483648000000000e+09,-2.147483648000000000e+09
-2.147483648000000000e+09,-2.147483648000000000e+09,-2.147483648000000000e+09,-2.147483648000000000e+09,-2.147483648000000000e+09,-2.147483648000000000e+09,-2.147483648000000000e+09,-2.147483648000000000e+09,-2.147483648000000000e+09,-2.147483648000000000e+09,-2.147483648000000000e+09,-2.147483648000000000e+09,-2.147483648000000000e+09,1.005485500000000000e+07,1.005485600000000000e+07,1.005485700000000000e+07,1.005485800000000000e+07,1.005485900000000000e+07,1.005486000000000000e+07,1.005486000000000000e+07,1.005486100000000000e+07,1.005486200000000000e+07,1.005486300000000000e+07,1.005486400000000000e+07,1.005486500000000000e+07,1.005486600000000000e+07,1.005486700000000000e+07,1.005486800000000000e+07,1.005486900000000000e+07,1.005487000000000000e+07,1.005487100000000000e+07,1.005487200000000000e+07,1.005487300000000000e+07,1.005487400000000000e+07,1.005487500000000000e+07,1.005487600000000000e+07,1.005487700000000000e+07,1.005487800000000000e+07,1.005487900000000000e+07,1.005488000000000000e+07,1.005488100000000000e+07,1.005488200000000000e+07,1.005488300000000000e+07,1.005488400000000000e+07,1.005488500000000000e+07,1.005488600000000000e+07,1.005488700000000000e+07,1.005488800000000000e+07,1.005488900000000000e+07,1.005489000000000000e+07,1.005489100000000000e+07,1.005489200000000000e+07,1.005489300000000000e+07,1.005489400000000000e+07,1.005489500000000000e+07,1.005489600000000000e+07,1.005489700000000000e+07,1.005489800000000000e+07,1.005489900000000000e+07,1.005490000000000000e+07,1.005490100000000000e+07,1.005490200000000000e+07,1.005490300000000000e+07,1.005490400000000000e+07,1.005490500000000000e+07,-2.147483648000000000e+09,-2.147483648000000000e+09,-2.147483648000000000e+09,-2.147483648000000000e+09,-2.147483648000000000e+09,-2.147483648000000000e+09,-2.147483648000000000e+09,-2.147483648000000000e+09,-2.147483648000000000e+09,-2.147483648000000000e+09,-2.147483648000000000e+09,-2.147483648000000000e+09,-2.147483648000000000e+09,-2.147483648000000000e+09,-2.147483648000000000e+09,-2.147483648000000000e+09,-2.147483648000000000e+09,-2.147483648000000000e+09,-2.147483648000000000e+09,-2.147483648000000000e+09,-2.147483648000000000e+09,-2.147483648000000000e+09,-2.147483648000000000e+09,-2.147483648000000000e+09,-2.147483648000000000e+09,-2.147483648000000000e+09,-2.147483648000000000e+09
-2.147483648000000000e+09,-2.147483648000000000e+09,-2.147483648000000000e+09,-2.147483648000000000e+09,-2.147483648000000000e+09,-2.147483648000000000e+09,-2.147483648000000000e+09,-2.147483648000000000e+09,-2.147483648000000000e+09,-2.147483648000000000e+09,-2.147483648000000000e+09,-2.147483648000000000e+09,1.006205400000000000e+07,1.006205500000000000e+07,1.006205600000000000e+07,1.006205700000000000e+07,1.006205800000000000e+07,1.006205900000000000e+07,1.006206000000000000e+07,1.006206000000000000e+07,1.006206100000000000e+07,1.006206200000000000e+07,1.006206300000000000e+07,1.006206400000000000e+07,1.006206500000000000e+07,1.006206600000000000e+07,1.006206700000000000e+07,1.006206800000000000e+07,1.006206900000000000e+07,1.006207000000000000e+07,1.006207100000000000e+07,1.006207200000000000e+07,1.006207300000000000e+07,1.006207400000000000e+07,1.006207500000000000e+07,1.006207600000000000e+07,1.006207700000000000e+07,1.006207800000000000e+07,1.006207900000000000e+07,1.006208000000000000e+07,1.006208100000000000e+07,1.006208200000000000e+07,1.006208300000000000e+07,1.006208400000000000e+07,1.006208500000000000e+07,1.006208600000000000e+07,1.006208700000000000e+07,1.006208800000000000e+07,1.006208900000000000e+07,1.006209000000000000e+07,1.006209100000000000e+07,1.006209200000000000e+07,1.006209300000000000e+07,1.006209400000000000e+07,1.006209500000000000e+07,1.006209600000000000e+07,1.006209700000000000e+07,1.006209800000000000e+07,1.006209900000000000e+07,1.006210000000000000e+07,1.006210100000000000e+07,1.006210200000000000e+07,1.006210300000000000e+07,1.006210400000000000e+07,-2.147483648000000000e+09,-2.147483648000000000e+09,-2.147483648000000000e+09,-2.147483648000000000e+09,-2.147483648000000000e+09,-2.147483648000000000e+09,-2.147483648000000000e+09,-2.147483648000000000e+09,-2.147483648000000000e+09,-2.147483648000000000e+09,-2.147483648000000000e+09,-2.147483648000000000e+09,-2.147483648000000000e+09,-2.147483648000000000e+09,-2.147483648000000000e+09,-2.147483648000000000e+09,-2.147483648000000000e+09,-2.147483648000000000e+09,-2.147483648000000000e+09,-2.147483648000000000e+09,-2.147483648000000000e+09,-2.147483648000000000e+09,-2.147483648000000000e+09,-2.147483648000000000e+09,-2.147483648000000000e+09,-2.147483648000000000e+09,-2.147483648000000000e+09,-2.147483648000000000e+09
-2.147483648000000000e+09,-2.147483648000000000e+09,-2.147483648000000000e+09,-2.147483648000000000e+09,-2.147483648000000000e+09,-2.147483648000000000e+09,-2.147483648000000000e+09,-2.147483648000000000e+09,-2.147483648000000000e+09,-2.147483648000000000e+09,-2.147483648000000000e+09,1.006925300000000000e+07,1.006925400000000000e+07,1.006925500000000000e+07,1.006925600000000000e+07,1.006925700000000000e+07,1.006925800000000000e+07,1.006925900000000000e+07,1.006926000000000000e+07,1.006926000000000000e+07,1.006926100000000000e+07,1.006926200000000000e+07,1.006926300000000000e+07,1.006926400000000000e+07,1.006926500000000000e+07,1.006926600000000000e+07,1.006926700000000000e+07,1.006926800000000000e+07,1.006926900000000000e+07,1.006927000000000000e+07,1.006927100000000000e+07,1.006927200000000000e+07,1.006927300000000000e+07,1.006927400000000000e+07,1.006927500000000000e+07,1.006927600000000000e+07,1.006927700000000000e+07,1.006927800000000000e+07,1.006927900000000000e+07,1.006928000000000000e+07,1.006928100000000000e+07,1.006928200000000000e+07,1.006928300000000000e+07,1.006928400000000000e+07,1.006928500000000000e+07,1.006928600000000000e+07,1.006928700000000000e+07,1.006928800000000000e+07,1.006928900000000000e+07,1.006929000000000000e+07,1.006929100000000000e+07,1.006929200000000000e+07,1.006929300000000000e+07,1.006929400000000000e+07,1.006929500000000000e+07,1.006929600000000000e+07,1.006929700000000000e+07,1.006929800000000000e+07,1.006929900000000000e+07,1.006930000000000000e+07,1.006930100000000000e+07,1.006930200000000000e+07,1.006930300000000000e+07,-2.147483648000000000e+09,-2.147483648000000000e+09,-2.147483648000000000e+09,-2.147483648000000000e+09,-2.147483648000000000e+09,-2.147483648000000000e+09,-2.147483648000000000e+09,-2.147483648000000000e+09,-2.147483648000000000e+09,-2.147483648000000000e+09,-2.147483648000000000e+09,-2.147483648000000000e+09,-2.147483648000000000e+09,-2.147483648000000000e+09,-2.147483648000000000e+09,-2.147483648000000000e+09,-2.147483648000000000e+09,-2.147483648000000000e+09,-2.147483648000000000e+09,-2.147483648000000000e+09,-2.147483648000000000e+09,-2.147483648000000000e+09,-2.147483648000000000e+09,-2.147483648000000000e+09,-2.147483648000000000e+09,-2.147483648000000000e+09,-2.147483648000000000e+09,-2.147483648000000000e+09,-2.147483648000000000e+09
-2.147483648000000000e+09,-2.147483648000000000e+09,-2.147483648000000000e+09,-2.147483648000000000e+09,-2.147483648000000000e+09,-2.147483648000000000e+09,-2.147483648000000000e+09,-2.147483648000000000e+09,-2.147483648000000000e+09,-2.147483648000000000e+09,1.007645200000000000e+07,1.007645300000000000e+07,1.007645400000000000e+07,1.007645500000000000e+07,1.007645600000000000e+07,1.007645700000000000e+07,1.007645800000000000e+07,1.007645900000000000e+07,1.007646000000000000e+07,1.007646000000000000e+07,1.007646100000000000e+07,1.007646200000000000e+07,1.007646300000000000e+07,1.007646400000000000e+07,1.007646500000000000e+07,1.007646600000000000e+07,1.007646700000000000e+07,1.007646800000000000e+07,1.007646900000000000e+07,1.007647000000000000e+07,1.007647100000000000e+07,1.007647200000000000e+07,1.007647300000000000e+07,1.007647400000000000e+07,1.007647500000000000e+07,1.007647600000000000e+07,1.007647700000000000e+07,1.007647800000000000e+07,1.007647900000000000e+07,1.007648000000000000e+07,1.007648100000000000e+07,1.007648200000000000e+07,1.007648300000000000e+07,1.007648400000000000e+07,1.007648500000000000e+07,1.007648600000000000e+07,1.007648700000000000e+07,1.007648800000000000e+07,1.007648900000000000e+07,1.007649000000000000e+07,1.007649100000000000e+07,1.007649200000000000e+07,1.007649300000000000e+07,1.007649400000000000e+07,1.007649500000000000e+07,1.007649600000000000e+07,1.007649700000000000e+07,1.007649800000000000e+07,1.007649900000000000e+07,1.007650000000000000e+07,1.007650100000000000e+07,1.007650200000000000e+07,-2.147483648000000000e+09,-2.147483648000000000e+09,-2.147483648000000000e+09,-2.147483648000000000e+09,-2.147483648000000000e+09,-2.147483648000000000e+09,-2.147483648000000000e+09,-2.147483648000000000e+09,-2.147483648000000000e+09,-2.147483648000000000e+09,-2.147483648000000000e+09,-2.147483648000000000e+09,-2.147483648000000000e+09,-2.147483648000000000e+09,-2.147483648000000000e+09,-2.147483648000000000e+09,-2.147483648000000000e+09,-2.147483648000000000e+09,-2.147483648000000000e+09,-2.147483648000000000e+09,-2.147483648000000000e+09,-2.147483648000000000e+09,-2.147483648000000000e+09,-2.147483648000000000e+09,-2.147483648000000000e+09,-2.147483648000000000e+09,-2.147483648000000000e+09,-2.147483648000000000e+09,-2.147483648000000000e+09,-2.147483648000000000e+09
-2.147483648000000000e+09,-2.147483648000000000e+09,-2.147483648000000000e+09,-2.147483648000000000e+09,-2.147483648000000000e+09,-2.147483648000000000e+09,-2.147483648000000000e+09,-2.147483648000000000e+09,-2.147483648000000000e+09,1.008365100000000000e+07,1.008365200000000000e+07,1.008365300000000000e+07,1.008365400000000000e+07,1.008365500000000000e+07,1.008365600000000000e+07,1.008365700000000000e+07,1.008365800000000000e+07,1.008365900000000000e+07,1.008366000000000000e+07,1.008366000000000000e+07,1.008366100000000000e+07,1.008366200000000000e+07,1.008366300000000000e+07,1.008366400000000000e+07,1.008366500000000000e+07,1.008366600000000000e+07,1.008366700000000000e+07,1.008366800000000000e+07,1.008366900000000000e+07,1.008367000000000000e+07,1.008367100000000000e+07,1.008367200000000000e+07,1.008367300000000000e+07,1.008367400000000000e+07,1.008367500000000000e+07,1.008367600000000000e+07,1.008367700000000000e+07,1.008367800000000000e+07,1.008367900000000000e+07,1.008368000000000000e+07,1.008368100000000000e+07,1.008368200000000000e+07,1.008368300000000000e+07,1.008368400000000000e+07,1.008368500000000000e+07,1.008368600000000000e+07,1.008368700000000000e+07,1.008368800000000000e+07,1.008368900000000000e+07,1.008369000000000000e+07,1.008369100000000000e+07,1.008369200000000000e+07,1.008369300000000000e+07,1.008369400000000000e+07,1.008369500000000000e+07,1.008369600000000000e+07,1.008369700000000000e+07,1.008369800000000000e+07,1.008369900000000000e+07,1.008370000000000000e+07,1.008370100000000000e+07,-2.147483648000000000e+09,-2.147483648000000000e+09,-2.147483648000000000e+09,-2.147483648000000000e+09,-2.147483648000000000e+09,-2.147483648000000000e+09,-2.147483648000000000e+09,-2.147483648000000000e+09,-2.147483648000000000e+09,-2.147483648000000000e+09,-2.147483648000000000e+09,-2.147483648000000000e+09,-2.147483648000000000e+09,-2.147483648000000000e+09,-2.147483648000000000e+09,-2.147483648000000000e+09,-2.147483648000000000e+09,-2.147483648000000000e+09,-2.147483648000000000e+09,-2.147483648000000000e+09,-2.147483648000000000e+09,-2.147483648000000000e+09,-2.147483648000000000e+09,-2.147483648000000000e+09,-2.147483648000000000e+09,-2.147483648000000000e+09,-2.147483648000000000e+09,-2.147483648000000000e+09,-2.147483648000000000e+09,-2.147483648000000000e+09,-2.147483648000000000e+09
-2.147483648000000000e+09,-2.147483648000000000e+09,-2.147483648000000000e+09,-2.147483648000000000e+09,-2.147483648000000000e+09,-2.147483648000000000e+09,-2.147483648000000000e+09,-2.147483648000000000e+09,1.009085000000000000e+07,1.009085100000000000e+07,1.009085200000000000e+07,1.009085300000000000e+07,1.009085400000000000e+07,1.009085500000000000e+07,1.009085600000000000e+07,1.009085700000000000e+07,1.009085800000000000e+07,1.009085900000000000e+07,1.009086000000000000e+07,1.009086000000000000e+07,1.009086100000000000e+07,1.009086200000000000e+07,1.009086300000000000e+07,1.009086400000000000e+07,1.009086500000000000e+07,1.009086600000000000e+07,1.009086700000000000e+07,1.009086800000000000e+07,1.009086900000000000e+07,1.009087000000000000e+07,1.009087100000000000e+07,1.009087200000000000e+07,1.009087300000000000e+07,1.009087400000000000e+07,1.009087500000000000e+07,1.009087600000000000e+07,1.009087700000000000e+07,1.009087800000000000e+07,1.009087900000000000e+07,1.009088000000000000e+07,1.009088100000000000e+07,1.009088200000000000e+07,1.009088300000000000e+07,1.009088400000000000e+07,1.009088500000000000e+07,1.009088600000000000e+07,1.009088700000000000e+07,1.009088800000000000e+07,1.009088900000000000e+07,1.009089000000000000e+07,1.009089100000000000e+07,1.009089200000000000e+07,1.009089300000000000e+07,1.009089400000000000e+07,1.009089500000000000e+07,1.009089600000000000e+07,1.009089700000000000e+07,1.009089800000000000e+07,1.009089900000000000e+07,1.009090000000000000e+07,-2.147483648000000000e+09,-2.147483648000000000e+09,-2.147483648000000000e+09,-2.147483648000000000e+09,-2.147483648000000000e+09,-2.147483648000000000e+09,-2.147483648000000000e+09,-2.147483648000000000e+09,-2.147483648000000000e+09,-2.147483648000000000e+09,-2.147483648000000000e+09,-2.147483648000000000e+09,-2.147483648000000000e+09,-2.147483648000000000e+09,-2.147483648000000000e+09,-2.147483648000000000e+09,-2.147483648000000000e+09,-2.147483648000000000e+09,-2.147483648000000000e+09,-2.147483648000000000e+09,-2.147483648000000000e+09,-2.147483648000000000e+09,-2.147483648000000000e+09,-2.147483648000000000e+09,-2.147483648000000000e+09,-2.147483648000000000e+09,-2.147483648000000000e+09,-2.147483648000000000e+09,-2.147483648000000000e+09,-2.147483648000000000e+09,-2.147483648000000000e+09,-2.147483648000000000e+09
-2.147483648000000000e+09,-2.147483648000000000e+09,-2.147483648000000000e+09,-2.147483648000000000e+09,-2.147483648000000000e+09,-2.147483648000000000e+09,-2.147483648000000000e+09,1.009084900000000000e+07,1.009085000000000000e+07,1.009085100000000000e+07,1.009085200000000000e+07,1.009085300000000000e+07,1.009085400000000000e+07,1.009085500000000000e+07,1.009085600000000000e+07,1.009085700000000000e+07,1.009085800000000000e+07,1.009085900000000000e+07,1.009086000000000000e+07,1.009086000000000000e+07,1.009086100000000000e+07,1.009086200000000000e+07,1.009086300000000000e+07,1.009086400000000000e+07,1.009086500000000000e+07,1.009086600000000000e+07,1.009086700000000000e+07,1.009086800000000000e+07,1.009086900000000000e+07,1.009087000000000000e+07,1.009087100000000000e+07,1.009087200000000000e+07,1.009087300000000000e+07,1.009087400000000000e+07,1.009087500000000000e+07,1.009087600000000000e+07,1.009087700000000000e+07,1.009087800000000000e+07,1.009087900000000000e+07,1.009088000000000000e+07,1.009088100000000000e+07,1.009088200000000000e+07,1.009088300000000000e+07,1.009088400000000000e+07,1.009088500000000000e+07,1.009088600000000000e+07,1.009088700000000000e+07,1.009088800000000000e+07,1.009088900000000000e+07,1.009089000000000000e+07,1.009089100000000000e+07,1.009089200000000000e+07,1.009089300000000000e+07,1.009089400000000000e+07,1.009089500000000000e+07,1.009089600000000000e+07,1.009089700000000000e+07,1.009089800000000000e+07,1.009089900000000000e+07,-2.147483648000000000e+09,-2.147483648000000000e+09,-2.147483648000000000e+09,-2.147483648000000000e+09,-2.147483648000000000e+09,-2.147483648000000000e+09,-2.147483648000000000e+09,-2.147483648000000000e+09,-2.147483648000000000e+09,-2.147483648000000000e+09,-2.147483648000000000e+09,-2.147483648000000000e+09,-2.147483648000000000e+09,-2.147483648000000000e+09,-2.147483648000000000e+09,-2.147483648000000000e+09,-2.147483648000000000e+09,-2.147483648000000000e+09,-2.147483648000000000e+09,-2.147483648000000000e+09,-2.147483648000000000e+09,-2.147483648000000000e+09,-2.147483648000000000e+09,-2.147483648000000000e+09,-2.147483648000000000e+09,-2.147483648000000000e+09,-2.147483648000000000e+09,-2.147483648000000000e+09,-2.147483648000000000e+09,-2.147483648000000000e+09,-2.147483648000000000e+09,-2.147483648000000000e+09,-2.147483648000000000e+09
-2.147483648000000000e+09,-2.147483648000000000e+09,-2.147483648000000000e+09,-2.147483648000000000e+09,-2.147483648000000000e+09,-2.147483648000000000e+09,1.009804800000000000e+07,1.009804900000000000e+07,1.009805000000000000e+07,1.009805100000000000e+07,1.009805200000000000e+07,1.009805300000000000e+07,1.009805400000000000e+07,1.009805500000000000e+07,1.009805600000000000e+07,1.009805700000000000e+07,1.009805800000000000e+07,1.009805900000000000e+07,1.009806000000000000e+07,1.009806000000000000e+07,1.009806100000000000e+07,1.009806200000000000e+07,1.009806300000000000e+07,1.009806400000000000e+07,1.009806500000000000e+07,1.009806600000000000e+07,1.009806700000000000e+07,1.009806800000000000e+07,1.009806900000000000e+07,1.009807000000000000e+07,1.009807100000000000e+07,1.009807200000000000e+07,1.009807300000000000e+07,1.009807400000000000e+07,1.009807500000000000e+07,1.009807600000000000e+07,1.009807700000000000e+07,1.009807800000000000e+07,1.009807900000000000e+07,1.009808000000000000e+07,1.009808100000000000e+07,1.009808200000000000e+07,1.009808300000000000e+07,1.009808400000000000e+07,1.009808500000000000e+07,1.009808600000000000e+07,1.009808700000000000e+07,1.009808800000000000e+07,1.009808900000000000e+07,1.009809000000000000e+07,1.009809100000000000e+07,1.009809200000000000e+07,1.009809300000000000e+07,1.009809400000000000e+07,1.009809500000000000e+07,1.009809600000000000e+07,1.009809700000000000e+07,1.009809800000000000e+07,-2.147483648000000000e+09,-2.147483648000000000e+09,-2.147483648000000000e+09,-2.147483648000000000e+09,-2.147483648000000000e+09,-2.147483648000000000e+09,-2.147483648000000000e+09,-2.147483648000000000e+09,-2.147483648000000000e+09,-2.147483648000000000e+09,-2.147483648000000000e+09,-2.147483648000000000e+09,-2.147483648000000000e+09,-2.147483648000000000e+09,-2.147483648000000000e+09,-2.147483648000000000e+09,-2.147483648000000000e+09,-2.147483648000000000e+09,-2.147483648000000000e+09,-2.147483648000000000e+09,-2.147483648000000000e+09,-2.147483648000000000e+09,-2.147483648000000000e+09,-2.147483648000000000e+09,-2.147483648000000000e+09,-2.147483648000000000e+09,-2.147483648000000000e+09,-2.147483648000000000e+09,-2.147483648000000000e+09,-2.147483648000000000e+09,-2.147483648000000000e+09,-2.147483648000000000e+09,-2.147483648000000000e+09,-2.147483648000000000e+09
-2.147483648000000000e+09,-2.147483648000000000e+09,-2.147483648000000000e+09,-2.147483648000000000e+09,-2.147483648000000000e+09,1.010524700000000000e+07,1.010524800000000000e+07,1.010524900000000000e+07,1.010525000000000000e+07,1.010525100000000000e+07,1.010525200000000000e+07,1.010525300000000000e+07,1.010525400000000000e+07,1.010525500000000000e+07,1.010525600000000000e+07,1.010525700000000000e+07,1.010525800000000000e+07,1.010525900000000000e+07,1.010526000000000000e+07,1.010526000000000000e+07,1.010526100000000000e+07,1.010526200000000000e+07,1.010526300000000000e+07,1.010526400000000000e+07,1.010526500000000000e+07,1.010526600000000000e+07,1.010526700000000000e+07,1.010526800000000000e+07,1.010526900000000000e+07,1.010527000000000000e+07,1.010527100000000000e+07,1.010527200000000000e+07,1.010527300000000000e+07,1.010527400000000000e+07,1.010527500000000000e+07,1.010527600000000000e+07,1.010527700000000000e+07,1.010527800000000000e+07,1.010527900000000000e+07,1.010528000000000000e+07,1.010528100000000000e+07,1.010528200000000000e+07,1.010528300000000000e+07,1.010528400000000000e+07,1.010528500000000000e+07,1.010528600000000000e+07,1.010528700000000000e+07,1.010528800000000000e+07,1.010528900000000000e+07,1.010529000000000000e+07,1.010529100000000000e+07,1.010529200000000000e+07,1.010529300000000000e+07,1.010529400000000000e+07,1.010529500000000000e+07,1.010529600000000000e+07,1.010529700000000000e+07,-2.147483648000000000e+09,-2.147483648000000000e+09,-2.147483648000000000e+09,-2.147483648000000000e+09,-2.147483648000000000e+09,-2.147483648000000000e+09,-2.147483648000000000e+09,-2.147483648000000000e+09,-2.147483648000000000e+09,-2.147483648000000000e+09,-2.147483648000000000e+09,-2.147483648000000000e+09,-2.147483648000000000e+09,-2.147483648000000000e+09,-2.147483648000000000e+09,-2.147483648000000000e+09,-2.147483648000000000e+09,-2.147483648000000000e+09,-2.147483648000000000e+09,-2.147483648000000000e+09,-2.147483648000000000e+09,-2.147483648000000000e+09,-2.147483648000000000e+09,-2.147483648000000000e+09,-2.147483648000000000e+09,-2.147483648000000000e+09,-2.147483648000000000e+09,-2.147483648000000000e+09,-2.147483648000000000e+09,-2.147483648000000000e+09,-2.147483648000000000e+09,-2.147483648000000000e+09,-2.147483648000000000e+09,-2.147483648000000000e+09,-2.147483648000000000e+09
-2.147483648000000000e+09,-2.147483648000000000e+09,-2.147483648000000000e+09,-2.147483648000000000e+09,1.011244600000000000e+07,1.011244700000000000e+07,1.011244800000000000e+07,1.011244900000000000e+07,1.011245000000000000e+07,1.011245100000000000e+07,1.011245200000000000e+07,1.011245300000000000e+07,1.011245400000000000e+07,1.011245500000000000e+07,1.011245600000000000e+07,1.011245700000000000e+07,1.011245800000000000e+07,1.011245900000000000e+07,1.011246000000000000e+07,1.011246000000000000e+07,1.011246100000000000e+07,1.011246200000000000e+07,1.011246300000000000e+07,1.011246400000000000e+07,1.011246500000000000e+07,1.011246600000000000e+07,1.011246700000000000e+07,1.011246800000000000e+07,1.011246900000000000e+07,1.011247000000000000e+07,1.011247100000000000e+07,1.011247200000000000e+07,1.011247300000000000e+07,1.011247400000000000e+07,1.011247500000000000e+07,1.011247600000000000e+07,1.011247700000000000e+07,1.011247800000000000e+07,1.011247900000000000e+07,1.011248000000000000e+07,1.011248100000000000e+07,1.011248200000000000e+07,1.011248300000000000e+07,1.011248400000000000e+07,1.011248500000000000e+07,1.011248600000000000e+07,1.011248700000000000e+07,1.011248800000000000e+07,1.011248900000000000e+07,1.011249000000000000e+07,1.011249100000000000e+07,1.011249200000000000e+07,1.011249300000000000e+07,1.011249400000000000e+07,1.011249500000000000e+07,1.011249600000000000e+07,-2.147483648000000000e+09,-2.147483648000000000e+09,-2.147483648000000000e+09,-2.147483648000000000e+09,-2.147483648000000000e+09,-2.147483648000000000e+09,-2.147483648000000000e+09,-2.147483648000000000e+09,-2.147483648000000000e+09,-2.147483648000000000e+09,-2.147483648000000000e+09,-2.147483648000000000e+09,-2.147483648000000000e+09,-2.147483648000000000e+09,-2.147483648000000000e+09,-2.147483648000000000e+09,-2.147483648000000000e+09,-2.147483648000000000e+09,-2.147483648000000000e+09,-2.147483648000000000e+09,-2.147483648000000000e+09,-2.147483648000000000e+09,-2.147483648000000000e+09,-2.147483648000000000e+09,-2.147483648000000000e+09,-2.147483648000000000e+09,-2.147483648000000000e+09,-2.147483648000000000e+09,-2.147483648000000000e+09,-2.147483648000000000e+09,-2.147483648000000000e+09,-2.147483648000000000e+09,-2.147483648000000000e+09,-2.147483648000000000e+09,-2.147483648000000000e+09,-2.147483648000000000e+09
-2.147483648000000000e+09,-2.147483648000000000e+09,-2.147483648000000000e+09,1.011964500000000000e+07,1.011964600000000000e+07,1.011964700000000000e+07,1.011964800000000000e+07,1.011964900000000000e+07,1.011965000000000000e+07,1.011965100000000000e+07,1.011965200000000000e+07,1.011965300000000000e+07,1.011965400000000000e+07,1.011965500000000000e+07,1.011965600000000000e+07,1.011965700000000000e+07,1.011965800000000000e+07,1.011965900000000000e+07,1.011966000000000000e+07,1.011966000000000000e+07,1.011966100000000000e+07,1.011966200000000000e+07,1.011966300000000000e+07,1.011966400000000000e+07,1.011966500000000000e+07,1.011966600000000000e+07,1.011966700000000000e+07,1.011966800000000000e+07,1.011966900000000000e+07,1.011967000000000000e+07,1.011967100000000000e+07,1.011967200000000000e+07,1.011967300000000000e+07,1.011967400000000000e+07,1.011967500000000000e+07,1.011967600000000000e+07,1.011967700000000000e+07,1.011967800000000000e+07,1.011967900000000000e+07,1.011968000000000000e+07,1.011968100000000000e+07,1.011968200000000000e+07,1.011968300000000000e+07,1.011968400000000000e+07,1.011968500000000000e+07,1.011968600000000000e+07,1.011968700000000000e+07,1.011968800000000000e+07,1.011968900000000000e+07,1.011969000000000000e+07,1.011969100000000000e+07,1.011969200000000000e+07,1.011969300000000000e+07,1.011969400000000000e+07,1.011969500000000000e+07,1.011969600000000000e+07,-2.147483648000000000e+09,-2.147483648000000000e+09,-2.147483648000000000e+09,-2.147483648000000000e+09,-2.147483648000000000e+09,-2.147483648000000000e+09,-2.147483648000000000e+09,-2.147483648000000000e+09,-2.147483648000000000e+09,-2.147483648000000000e+09,-2.147483648000000000e+09,-2.147483648000000000e+09,-2.147483648000000000e+09,-2.147483648000000000e+09,-2.147483648000000000e+09,-2.147483648000000000e+09,-2.147483648000000000e+09,-2.147483648000000000e+09,-2.147483648000000000e+09,-2.147483648000000000e+09,-2.147483648000000000e+09,-2.147483648000000000e+09,-2.147483648000000000e+09,-2.147483648000000000e+09,-2.147483648000000000e+09,-2.147483648000000000e+09,-2.147483648000000000e+09,-2.147483648000000000e+09,-2.147483648000000000e+09,-2.147483648000000000e+09,-2.147483648000000000e+09,-2.147483648000000000e+09,-2.147483648000000000e+09,-2.147483648000000000e+09,-2.147483648000000000e+09,-2.147483648000000000e+09
-2.147483648000000000e+09,-2.147483648000000000e+09,1.012684400000000000e+07,1.012684500000000000e+07,1.012684600000000000e+07,1.012684700000000000e+07,1.012684800000000000e+07,1.012684900000000000e+07,1.012685000000000000e+07,1.012685100000000000e+07,1.012685200000000000e+07,1.012685300000000000e+07,1.012685400000000000e+07,1.012685500000000000e+07,1.012685600000000000e+07,1.012685700000000000e+07,1.012685800000000000e+07,1.012685900000000000e+07,1.012686000000000000e+07,1.012686000000000000e+07,1.012686100000000000e+07,1.012686200000000000e+07,1.012686300000000000e+07,1.012686400000000000e+07,1.012686500000000000e+07,1.012686600000000000e+07,1.012686700000000000e+07,1.012686800000000000e+07,1.012686900000000000e+07,1.012687000000000000e+07,1.012687100000000000e+07,1.012687200000000000e+07,1.012687300000000000e+07,1.012687400000000000e+07,1.012687500000000000e+07,1.012687600000000000e+07,1.012687700000000000e+07,1.012687800000000000e+07,1.012687900000000000e+07,1.012688000000000000e+07,1.012688100000000000e+07,1.012688200000000000e+07,1.012688300000000000e+07,1.012688400000000000e+07,1.012688500000000000e+07,1.012688600000000000e+07,1.012688700000000000e+07,1.012688800000000000e+07,1.012688900000000000e+07,1.012689000000000000e+07,1.012689100000000000e+07,1.012689200000000000e+07,1.012689300000000000e+07,1.012689400000000000e+07,1.012689500000000000e+07,-2.147483648000000000e+09,-2.147483648000000000e+09,-2.147483648000000000e+09,-2.147483648000000000e+09,-2.147483648000000000e+09,-2.147483648000000000e+09,-2.147483648000000000e+09,-2.147483648000000000e+09,-2.147483648000000000e+09,-2.147483648000000000e+09,-2.147483648000000000e+09,-2.147483648000000000e+09,-2.147483648000000000e+09,-2.147483648000000000e+09,-2.147483648000000000e+09,-2.147483648000000000e+09,-2.147483648000000000e+09,-2.147483648000000000e+09,-2.147483648000000000e+09,-2.147483648000000000e+09,-2.147483648000000000e+09,-2.147483648000000000e+09,-2.147483648000000000e+09,-2.147483648000000000e+09,-2.147483648000000000e+09,-2.147483648000000000e+09,-2.147483648000000000e+09,-2.147483648000000000e+09,-2.147483648000000000e+09,-2.147483648000000000e+09,-2.147483648000000000e+09,-2.147483648000000000e+09,-2.147483648000000000e+09,-2.147483648000000000e+09,-2.147483648000000000e+09,-2.147483648000000000e+09,-2.147483648000000000e+09
-2.147483648000000000e+09,1.013404300000000000e+07,1.013404400000000000e+07,1.013404500000000000e+07,1.013404600000000000e+07,1.013404700000000000e+07,1.013404800000000000e+07,1.013404900000000000e+07,1.013405000000000000e+07,1.013405100000000000e+07,1.013405200000000000e+07,1.013405300000000000e+07,1.013405400000000000e+07,1.013405500000000000e+07,1.013405600000000000e+07,1.013405700000000000e+07,1.013405800000000000e+07,1.013405900000000000e+07,1.013406000000000000e+07,1.013406000000000000e+07,1.013406100000000000e+07,1.013406200000000000e+07,1.013406300000000000e+07,1.013406400000000000e+07,1.013406500000000000e+07,1.013406600000000000e+07,1.013406700000000000e+07,1.013406800000000000e+07,1.013406900000000000e+07,1.013407000000000000e+07,1.013407100000000000e+07,1.013407200000000000e+07,1.013407300000000000e+07,1.013407400000000000e+07,1.013407500000000000e+07,1.013407600000000000e+07,1.013407700000000000e+07,1.013407800000000000e+07,1.013407900000000000e+07,1.013408000000000000e+07,1.013408100000000000e+07,1.013408200000000000e+07,1.013408300000000000e+07,1.013408400000000000e+07,1.013408500000000000e+07,1.013408600000000000e+07,1.013408700000000000e+07,1.013408800000000000e+07,1.013408900000000000e+07,1.013409000000000000e+07,1.013409100000000000e+07,1.013409200000000000e+07,1.013409300000000000e+07,1.013409400000000000e+07,-2.147483648000000000e+09,-2.147483648000000000e+09,-2.147483648000000000e+09,-2.147483648000000000e+09,-2.147483648000000000e+09,-2.147483648000000000e+09,-2.147483648000000000e+09,-2.147483648000000000e+09,-2.147483648000000000e+09,-2.147483648000000000e+09,-2.147483648000000000e+09,-2.147483648000000000e+09,-2.147483648000000000e+09,-2.147483648000000000e+09,-2.147483648000000000e+09,-2.147483648000000000e+09,-2.147483648000000000e+09,-2.147483648000000000e+09,-2.147483648000000000e+09,-2.147483648000000000e+09,-2.147483648000000000e+09,-2.147483648000000000e+09,-2.147483648000000000e+09,-2.147483648000000000e+09,-2.147483648000000000e+09,-2.147483648000000000e+09,-2.147483648000000000e+09,-2.147483648000000000e+09,-2.147483648000000000e+09,-2.147483648000000000e+09,-2.147483648000000000e+09,-2.147483648000000000e+09,-2.147483648000000000e+09,-2.147483648000000000e+09,-2.147483648000000000e+09,-2.147483648000000000e+09,-2.147483648000000000e+09,-2.147483648000000000e+09
1.014124200000000000e+07,1.014124300000000000e+07,1.014124400000000000e+07,1.014124500000000000e+07,1.014124600000000000e+07,1.014124700000000000e+07,1.014124800000000000e+07,1.014124900000000000e+07,1.014125000000000000e+07,1.014125100000000000e+07,1.014125200000000000e+07,1.014125300000000000e+07,1.014125400000000000e+07,1.014125500000000000e+07,1.014125600000000000e+07,1.014125700000000000e+07,1.014125800000000000e+07,1.014125900000000000e+07,1.014126000000000000e+07,1.014126000000000000e+07,1.014126100000000000e+07,1.014126200000000000e+07,1.014126300000000000e+07,1.014126400000000000e+07,1.014126500000000000e+07,1.014126600000000000e+07,1.014126700000000000e+07,1.014126800000000000e+07,1.014126900000000000e+07,1.014127000000000000e+07,1.014127100000000000e+07,1.014127200000000000e+07,1.014127300000000000e+07,1.014127400000000000e+07,1.014127500000000000e+07,1.014127600000000000e+07,1.014127700000000000e+07,1.014127800000000000e+07,1.014127900000000000e+07,1.014128000000000000e+07,1.014128100000000000e+07,1.014128200000000000e+07,1.014128300000000000e+07,1.014128400000000000e+07,1.014128500000000000e+07,1.014128600000000000e+07,1.014128700000000000e+07,1.014128800000000000e+07,1.014128900000000000e+07,1.014129000000000000e+07,1.014129100000000000e+07,1.014129200000000000e+07,1.014129300000000000e+07,-2.147483648000000000e+09,-2.147483648000000000e+09,-2.147483648000000000e+09,-2.147483648000000000e+09,-2.147483648000000000e+09,-2.147483648000000000e+09,-2.147483648000000000e+09,-2.147483648000000000e+09,-2.147483648000000000e+09,-2.147483648000000000e+09,-2.147483648000000000e+09,-2.147483648000000000e+09,-2.147483648000000000e+09,-2.147483648000000000e+09,-2.147483648000000000e+09,-2.147483648000000000e+09,-2.147483648000000000e+09,-2.147483648000000000e+09,-2.147483648000000000e+09,-2.147483648000000000e+09,-2.147483648000000000e+09,-2.147483648000000000e+09,-2.147483648000000000e+09,-2.147483648000000000e+09,-2.147483648000000000e+09,-2.147483648000000000e+09,-2.147483648000000000e+09,-2.147483648000000000e+09,-2.147483648000000000e+09,-2.147483648000000000e+09,-2.147483648000000000e+09,-2.147483648000000000e+09,-2.147483648000000000e+09,-2.147483648000000000e+09,-2.147483648000000000e+09,-2.147483648000000000e+09,-2.147483648000000000e+09,-2.147483648000000000e+09,-2.147483648000000000e+09
